3 0.7828125 0.559375 0.25 0.88125
2 0.740625 0.2078125 0.1328125 0.1578125
3 0.6125 0.5953125 0.115625 0.671875
2 0.609375 0.33515625 0.078125 0.146875
3 0.559375 0.659375 0.1390625 0.6421875
2 0.54296875 0.40703125 0.078125 0.1421875
3 0.4234375 0.63359375 0.10546875 0.678125
2 0.41484375 0.37890625 0.0765625 0.16015625
3 0.36796875 0.67578125 0.1234375 0.61328125
2 0.3515625 0.4578125 0.05859375 0.1703125
3 0.1875 0.628125 0.15625 0.725
2 0.1890625 0.37109375 0.1171875 0.20703125
3 0.28828125 0.2640625 0.165625 0.3203125
2 0.30546875 0.2265625 0.1109375 0.203125
3 0.4578125 0.23046875 0.165625 0.2421875
2 0.459375 0.19609375 0.1171875 0.15