3 0.3265625 0.66171875 0.15 0.6765625
2 0.325 0.4171875 0.1078125 0.1546875
3 0.17109375 0.6859375 0.13125 0.609375
2 0.15546875 0.4796875 0.0875 0.196875
3 0.0453125 0.50625 0.0390625 0.16796875
2 0.0359375 0.4578125 0.04453125 0.0796875
3 0.52421875 0.70078125 0.1296875 0.5984375
2 0.5203125 0.46015625 0.0953125 0.1390625
3 0.396875 0.58125 0.078125 0.321875
2 0.3875 0.46875 0.040625 0.109375
3 0.78828125 0.646875 0.1796875 0.70625
3 0.665625 0.67734375 0.109375 0.6453125
3 0.9125 0.62421875 0.05859375 0.384375
1 0.7640625 0.38671875 0.1171875 0.16015625
1 0.6671875 0.42109375 0.0921875 0.1
3 0.94453125 0.53515625 0.040625 0.3359375
1 0.9375 0.41484375 0.0234375 0.0796875
3 0.9890625 0.6875 0.021875 0.625