1 0.846875 0.2390625 0.05390625 0.0578125
0 0.67265625 0.04375 0.03359375 0.02421875
2 0.18671875 0.2484375 0.06171875 0.053125
2 0.440625 0.25078125 0.0484375 0.05078125
2 0.56328125 0.20859375 0.046875 0.046875
2 0.7109375 0.21015625 0.0546875 0.0421875
2 0.06015625 0.1375 0.02421875 0.01875
2 0.11328125 0.13671875 0.0203125 0.0203125
2 0.1328125 0.14609375 0.0234375 0.021875
2 0.2578125 0.1421875 0.03203125 0.02265625
2 0.29921875 0.146875 0.02109375 0.021875
2 0.3515625 0.16328125 0.04140625 0.03359375
2 0.41875 0.14140625 0.01484375 0.02265625
2 0.465625 0.153125 0.0265625 0.01875
2 0.334375 0.1953125 0.01875 0.0203125
3 0.849472221875 0.5779435140625 0.8511388890625 0.5427907953125 0.863359721875 0.4641150625 0.8772458328124999 0.41640794999999997 0.87946805625 0.38460251093750003 0.886134721875 0.331872384375 0.8811347218750001 0.2774707109375 0.8711361109375 0.2699372390625 0.8683583328125 0.23980543906250001 0.8472500000000001 0.2272510453125 0.8178083328125 0.25235983281249996 0.781702778125 0.2975564859375 0.78725694375 0.33689539687500003 0.80614305625 0.3628410046875 0.803922221875 0.3954832640625 0.8050333328124999 0.45741840937499995 0.7939236109375 0.5310732218750001 0.7978111109375 0.5319100421875 0.7894791671875 0.535257321875 0.849472221875 0.5779435140625
3 0.703377778125 0.0632050203125 0.6889361109375 0.05650836875 0.69115694375 0.0447907953125 0.66949305625 0.0263786609375 0.6567166671875 0.0322364015625 0.66005 0.05650836875 0.6728263890624999 0.07073849374999999 0.6673611109375 0.0859832640625 0.6967125000000001 0.107564853125 0.7122666671875 0.0925 0.703377778125 0.0632050203125
3 0.083452778125 0.18624058593749998 0.0734541671875 0.1753598328125 0.074565278125 0.16029288749999998 0.07123194375 0.136857740625 0.0612333328125 0.1276527203125 0.04956805625 0.1251401671875 0.0479013890625 0.1628054390625 0.033458332812500005 0.1904246859375 0.0451388890625 0.2428870296875 0.078452778125 0.2473389125 0.0895625 0.2314372390625 0.083452778125 0.18624058593749998
3 0.12233750000000002 0.171173640625 0.126225 0.14188075312499998 0.126225 0.1284895390625 0.10789444374999999 0.129326359375 0.1017833328125 0.151087865625 0.11011666718749999 0.1703368203125 0.0986111109375 0.238702928125 0.13455833281250001 0.2490125515625 0.128447221875 0.1795439328125 0.12233750000000002 0.171173640625
3 0.18510694375 0.22474058593750001 0.1917736109375 0.2272510453125 0.18510694375 0.1787071125 0.15955416718749998 0.1494142265625 0.142890278125 0.1443912140625 0.1401125 0.132673640625 0.12566944375 0.1284895390625 0.1162263890625 0.1494142265625 0.128447221875 0.1904246859375 0.137334721875 0.2490125515625 0.1375 0.2428870296875 0.1801083328125 0.23394769843750002 0.17066388906250002 0.2096757328125 0.176775 0.20130543906249998 0.18510694375 0.22474058593750001
3 0.2394958328125 0.42896234375000003 0.2372736109375 0.40803765625 0.23671805625000003 0.38460251093750003 0.2233861109375 0.336058578125 0.22671944375000003 0.329361925 0.22283055625 0.3042531375 0.2183875 0.276633890625 0.21783194374999998 0.245665271875 0.1945013890625 0.21888284531250002 0.170615278125 0.2213933046875 0.15395 0.240642259375 0.1556166671875 0.2858389125 0.151727778125 0.3092740578125 0.12284305625 0.3335481171875 0.10451250000000001 0.380418409375 0.0750708328125 0.42896234375000003 0.056740278125 0.4942468625 0.0467416671875 0.565389121875 0.033965278125 0.5938451890625001 0.045075 0.6616401671875 0.0667388890625 0.6599665265625 0.082847221875 0.6289979078125 0.08118194375 0.6105857734375 0.0756263890625 0.5946820078124999 0.0800708328125 0.55450836875 0.090625 0.49759414218750003 0.10840000000000001 0.465788703125 0.105622221875 0.48922385 0.10395694375 0.5285627609375 0.10006805625 0.5595292890625 0.1067333328125 0.5997050203125001 0.10506805625 0.6289979078125 0.12784305625 0.68423849375 0.1206208328125 0.6984665265625 0.1272875 0.7436631796875 0.1411736109375 0.751196653125 0.1400625 0.7880230125 0.15006250000000002 0.8047635984375001 0.17228194375 0.8156422593749999 0.1850583328125 0.7888598328125 0.1711708328125 0.7537071125 0.17172638906249998 0.72273849375 0.181725 0.6917719671875 0.1783916671875 0.6306715484375001 0.207277778125 0.673357740625 0.20894444375000001 0.726087865625 0.21172083281249998 0.797230125 0.22560833281249998 0.8365669453125 0.2261638890625 0.8767426781250001 0.25449444374999997 0.8884602515625 0.2806013890625 0.8851129703125 0.292822221875 0.8750690375 0.2906 0.859165271875 0.256715278125 0.8265230125 0.27004722187499997 0.7796527203125 0.2589375 0.695119246875 0.24171805625 0.6089100421875 0.23733831093750002 0.5979880484375 0.247272221875 0.591334728125 0.2600486109375 0.5645523015625 0.24560555625 0.49759414218750003 0.23338472187499998 0.436495815625 0.2394958328125 0.42896234375000003
3 0.3878111109375 0.6089100421875 0.36448055625000003 0.6356945609375 0.36836944374999997 0.6666631796875 0.36836944374999997 0.7143702921874999 0.3833666671875 0.7352949796875 0.389477778125 0.6942824265625 0.3972541671875 0.6633138078124999 0.4016986109375 0.76626150625 0.39503194375 0.7871861921875001 0.407252778125 0.8131317984375 0.43169444375 0.7963933046875 0.42725138906250004 0.7595669453125 0.43558333281249995 0.73696861875 0.43280555625000006 0.64071548125 0.44724861093749996 0.580453975 0.45558055625 0.51098535625 0.45058194374999994 0.4682991625 0.4722458328125 0.42059205000000005 0.480022221875 0.358656903125 0.471690278125 0.3335481171875 0.45891388906249997 0.30760041875 0.46946805625000004 0.2640794984375 0.46058055624999994 0.2322740578125 0.44058194375 0.2205564859375 0.4183625 0.2322740578125 0.40947500000000003 0.275797071875 0.39225555624999997 0.27830753124999996 0.3705916671875 0.296719665625 0.35170416718749997 0.3569832640625 0.35448194375000003 0.380418409375 0.3489263890625 0.4013410046875 0.35059305625000003 0.42477615 0.35205555624999996 0.5023012546875 0.36336944375 0.526050209375 0.38225694374999997 0.5360941421875001 0.3878111109375 0.6089100421875
3 0.2372736109375 0.3628410046875 0.25060555625 0.400504184375 0.2411625 0.4775062765625 0.2467166671875 0.5160062765625 0.26449305624999997 0.509311715625 0.279490278125 0.5235397484375001 0.30226527812500004 0.5243765687499999 0.284490278125 0.4942468625 0.28615694375 0.38543933125 0.2939333328125 0.323504184375 0.28893472187499997 0.260730125 0.284490278125 0.2515230125 0.2994888890625 0.23060041875 0.297822221875 0.2105125515625 0.28115694375 0.21302301250000003 0.2761583328125 0.2372949796875 0.2711583328125 0.2088389125 0.26338194375 0.1971213390625 0.27726944375 0.1669895390625 0.2744916671875 0.14188075312499998 0.256715278125 0.1276527203125 0.243384721875 0.1410439328125 0.23955555624999997 0.17907949843749998 0.2239416671875 0.20800209218750002 0.2261638890625 0.254035565625 0.238940278125 0.301742678125 0.2372736109375 0.3628410046875
3 0.45335833281250004 0.6741945609375 0.45391388906249996 0.711857740625 0.47335694375 0.729435146875 0.48724305625 0.6741945609375 0.49946388906249994 0.6683368203125 0.475577778125 0.7486861921875 0.526127778125 0.7528702921875 0.5505694437499999 0.7352949796875 0.5216833328125 0.7034895390625 0.539459721875 0.6608033468750001 0.5583458328125 0.5971945609375 0.5433486109375 0.5285627609375 0.5589013890625 0.4540711296875 0.567234721875 0.43984309687499995 0.571122221875 0.41808159062500005 0.5816763890625001 0.3737217578125 0.5877875 0.3268514640625 0.58723194375 0.2850020921875 0.5927861109375 0.2615669453125 0.5916750000000001 0.22557740625 0.585009721875 0.197958159375 0.56445694375 0.185403765625 0.5433486109375 0.19628451875 0.54168194375 0.2272510453125 0.531127778125 0.256546025 0.5044638890625001 0.31011297031249996 0.4905763890625 0.34777615 0.47946666718750003 0.402179915625 0.4816888890625 0.4323096234375 0.474972221875 0.4646443515625 0.4828 0.6097489546875 0.46058055624999994 0.6047259421875 0.45335833281250004 0.6741945609375
3 0.311709721875 0.329361925 0.31059861093749996 0.295046025 0.3322625 0.30508995781250003 0.3200416671875 0.2850020921875 0.315597221875 0.24984937187499998 0.316152778125 0.2172071125 0.31393055625 0.1828912140625 0.31837499999999996 0.1519246859375 0.297822221875 0.1343472796875 0.289490278125 0.1402071125 0.2939333328125 0.172849371875 0.2817125 0.180380753125 0.27844444375 0.2083682015625 0.29115555625 0.34191631875 0.307265278125 0.363677825 0.311709721875 0.329361925
3 0.3450388890625 0.20046861875 0.338372221875 0.1795439328125 0.3215 0.1801255234375 0.3250416671875 0.2322740578125 0.32281944375 0.26826359843750003 0.34170555625 0.236458159375 0.3450388890625 0.20046861875
3 0.40891944375 0.276633890625 0.411697221875 0.262403765625 0.3972541671875 0.2138598328125 0.37725694375 0.1795439328125 0.36670277812499996 0.15276150625 0.34559444375 0.14522803281250002 0.338372221875 0.171173640625 0.34115 0.20800209218750002 0.3372611109375 0.2883514640625 0.34670555625 0.295046025 0.3478888890625 0.3997907953125 0.3605916671875 0.327688284375 0.3828111109375 0.2866757328125 0.40891944375 0.276633890625
3 0.443915278125 0.2172071125 0.44447083281250005 0.18958786562500002 0.43169444375 0.16364225937500002 0.43169444375 0.136857740625 0.41780694374999994 0.11928242656250002 0.41003055625 0.1259790796875 0.407252778125 0.1535983265625 0.393922221875 0.1686631796875 0.3944763890625 0.2054895390625 0.3994763890625 0.2481757328125 0.4161416671875 0.24482845156250002 0.443915278125 0.2172071125
3 0.5000194437500001 0.3000690375 0.5011305562499999 0.2724476984375 0.49724305625 0.2029790796875 0.4766888890625 0.1845669453125 0.4816888890625 0.16196861875 0.46891249999999995 0.136857740625 0.45613611093750006 0.1494142265625 0.45058194374999994 0.1720125515625 0.4616916671875 0.1937719671875 0.4513611109375 0.2177824265625 0.45446944375 0.24482845156250002 0.4705791671875 0.2598933046875 0.5000194437500001 0.3000690375
3 0.45335833281250004 0.4557447703125 0.460025 0.5293995812500001 0.44280416718750004 0.5553451890625001 0.45780277812500003 0.56371548125 0.4761333328125 0.5603661093750001 0.4828 0.4297991625 0.4877986109375 0.383765690625 0.50501944375 0.310949790625 0.493909721875 0.27328451875000004 0.4511375 0.22892468593749998 0.448359721875 0.2163702921875 0.4266958328125 0.1971213390625 0.40780833281250006 0.211349371875 0.4131666671875 0.2502092046875 0.45558055625 0.30341631874999997 0.45446944375 0.383765690625 0.45335833281250004 0.4557447703125
3 0.6477805562500001 0.422265690625 0.6383361109375 0.4641150625 0.64278055625 0.496757321875 0.653890278125 0.526050209375 0.6411138890625 0.5771066953124999 0.6366708328125 0.6382050203125 0.6405583328125 0.704326359375 0.6405583328125 0.7445 0.613340278125 0.7545439328125 0.6388916671875 0.7830020921874999 0.6799986109375 0.7503598328125001 0.6827763890625 0.685912134375 0.6844416671875 0.59300836875 0.6949958328125 0.5670627609375 0.6955513890625 0.569573221875 0.6888861109375 0.6356945609375 0.690552778125 0.6850753140625 0.7005513890625 0.7068368203125 0.7005513890625 0.7537071125 0.73388055625 0.7737949796875 0.73888055625 0.706 0.7205486109375 0.68842259375 0.7461013890625 0.6030523015625 0.7499902781250001 0.522702928125 0.7488791671875 0.4825292890625 0.758322221875 0.43314644375 0.767765278125 0.358656903125 0.758877778125 0.305926778125 0.740547221875 0.2724476984375 0.7394361109375 0.21888284531250002 0.7316583328124999 0.192935146875 0.7144388890625 0.18624058593749998 0.6949958328125 0.18373012500000002 0.6755541671875 0.21888284531250002 0.68330555625 0.26903765625 0.667222221875 0.26491631875 0.6472249999999999 0.3176443515625 0.648890278125 0.366188284375 0.6477805562500001 0.422265690625
2 0.4339166671875 0.20130543906249998 0.4069166671875 0.20209205 0.41003055625 0.22390376562499997 0.44280416718750004 0.2213933046875 0.4339166671875 0.20130543906249998