3 0.09296875 0.628125 0.146875 0.64609375
2 0.09765625 0.35703125 0.1078125 0.103125
3 0.240625 0.653125 0.12421875 0.534375
2 0.2484375 0.42890625 0.059375 0.078125
3 0.38046875 0.63046875 0.13984375 0.55
1 0.3625 0.39921875 0.07265625 0.08125
3 0.54296875 0.6203125 0.16015625 0.59609375
2 0.54453125 0.36953125 0.08515625 0.084375
3 0.6765625 0.6359375 0.09453125 0.51875
2 0.68046875 0.4140625 0.06640625 0.06796875
3 0.78046875 0.675 0.09296875 0.421875
2 0.7640625 0.50625 0.0515625 0.075
3 0.89765625 0.60859375 0.1375 0.58671875
1 0.87109375 0.36484375 0.07421875 0.08984375