3 0.11308611093750001 0.7470611109374999 0.12110972187499999 0.716603703125 0.1334541671875 0.6532166671875 0.1618458328125 0.693553703125 0.16555 0.7445925921875001 0.201965278125 0.7585870375 0.21616111093749998 0.7404759265624999 0.1883861109375 0.71001851875 0.1822138890625 0.656509259375 0.16308055625 0.60629444375 0.1674013890625 0.5865388890625 0.17295555625 0.5807759265625 0.19270694375 0.545377778125 0.191472221875 0.525622221875 0.1661666671875 0.5338537031249999 0.1618458328125 0.5231518515625 0.143947221875 0.5280907406249999 0.1507361109375 0.49845740781250003 0.12789999999999999 0.47622962968750004 0.10876666718750001 0.49598703750000006 0.11123472187500001 0.5280907406249999 0.091484721875 0.5305611109374999 0.08469444375 0.5923 0.09210138906250001 0.6194666671875 0.098890278125 0.6844981484375 0.084077778125 0.7561166671875 0.10259444375 0.7808129625 0.1260486109375 0.7709333328125 0.11308611093750001 0.7470611109374999
3 0.25319305625 0.70919444375 0.2568958328125 0.7445925921875001 0.2797333328125 0.73800555625 0.286522221875 0.616996296875 0.2889916671875 0.7347129625 0.3112111109375 0.7371833328124999 0.31738333281250003 0.56101851875 0.316765278125 0.537146296875 0.2945458328125 0.488577778125 0.3038041671875 0.4589425921875 0.2708333328125 0.44567962968749997 0.243934721875 0.542909259375 0.2587486109375 0.5783074078125 0.261834721875 0.60629444375 0.25319305625 0.70919444375
3 0.345775 0.6211129625 0.344540278125 0.7133111109375 0.3562666671875 0.73800555625 0.376634721875 0.725659259375 0.3784861109375 0.6120574078125001 0.38280694375 0.6499240734375 0.3791041671875 0.702609259375 0.401940278125 0.7223648140625001 0.40070694375000004 0.6680351859375 0.4124333328125 0.6285222218750001 0.3988541671875 0.5816 0.4118166671875 0.545377778125 0.397002778125 0.4844629625 0.3852763890625 0.48940185156249993 0.3846583328125 0.4671759265625 0.3698458328125 0.4507111109375 0.354415278125 0.4754074078125 0.3587958328125 0.4950611109375 0.34330555625 0.49598703750000006 0.3371333328125 0.5577259265625 0.34515694375 0.5816 0.345775 0.6211129625
3 0.43156666718750003 0.6194666671875 0.42848055625 0.6680351859375 0.42539444375 0.70919444375 0.4414416671875 0.7215425921875 0.4544041671875 0.5988870375 0.4500833328125 0.7116648140625 0.4686 0.7124870375000001 0.47724027812500003 0.68696851875 0.47477083281250004 0.5799537031249999 0.47600555624999996 0.500103703125 0.4642791671875 0.4844629625 0.46674722187500006 0.45565 0.456872221875 0.4391870375 0.44329444375 0.4490648140625 0.4421291671875 0.4827166671875 0.42848055625 0.4844629625 0.42107361093750006 0.5412629625 0.4328013890625 0.56101851875 0.43156666718750003 0.6194666671875
3 0.47538888906250004 0.70343148125 0.5062486109375001 0.7190722218750001 0.514272221875 0.6795592593750001 0.52846805625 0.62358148125 0.53834444375 0.5783074078125 0.5438986109374999 0.5470259265624999 0.5389611109375 0.50998148125 0.5278513890625 0.4819925921875 0.514890278125 0.47458333281250004 0.5130388890625001 0.45565 0.4976083328125 0.440009259375 0.4840291671875 0.4523574078125 0.484647221875 0.4787 0.4753083328125 0.4858018515625 0.47785694375 0.5083351859375 0.47785694375 0.5980629625 0.47538888906250004 0.70343148125
3 0.5932763890625 0.7017851859375 0.612409721875 0.7050777781249999 0.6278388890625 0.599709259375 0.6229013890624999 0.6960240734375 0.6377152781250001 0.71001851875 0.652527778125 0.708372221875 0.65314444375 0.6729740734375 0.642034721875 0.5857148140625 0.6506763890625 0.4778759265625 0.632777778125 0.4737611109375 0.6377152781250001 0.4490648140625 0.6241361109375 0.423546296875 0.6062375 0.4490648140625 0.6105583328125 0.47622962968750004 0.59389305625 0.47129074062500004 0.5901902781249999 0.5618425921875 0.5975958328125001 0.5857148140625 0.5932763890625 0.7017851859375
3 0.6630208328125 0.7001388890625 0.68091944375 0.6993166671875 0.6747472218749999 0.5947703703125 0.68585694375 0.6902611109375 0.7074597218750001 0.708372221875 0.7111625 0.6795592593750001 0.6982013890625 0.614527778125 0.70869444375 0.5569037031249999 0.704990278125 0.4811703703125 0.685240278125 0.4671759265625 0.686475 0.445772221875 0.6685749999999999 0.4293074078125 0.6543791671875 0.4490648140625 0.6624027781249999 0.4721148140625 0.64891944375 0.47140000000000004 0.647590278125 0.5857148140625 0.6605513890625 0.6548629625 0.6630208328125 0.7001388890625
3 0.71178055625 0.6202888890625 0.7161 0.6630962968749999 0.712397221875 0.696846296875 0.7302958328125 0.6984925921875 0.7370861109375 0.6375759265625 0.7605402781249999 0.583246296875 0.78893055625 0.5363240734375 0.7864625000000001 0.50998148125 0.76918055625 0.48693148124999996 0.7722666671875 0.468822221875 0.7488125 0.4449481484375 0.73456805625 0.49094629687499997 0.7241236109375 0.545377778125 0.72659305625 0.5865388890625 0.71178055625 0.6202888890625
3 0.8000416671874999 0.71825 0.827815278125 0.74953148125 0.84941805625 0.73224444375 0.8296666671875 0.7050777781249999 0.837690278125 0.6688574078125 0.8228777781250001 0.625227778125 0.8216430562499999 0.582422221875 0.8000416671874999 0.568427778125 0.8179402781249999 0.56101851875 0.781525 0.5313851859375001 0.7580708328125 0.56101851875 0.7685638890625001 0.5758370375 0.7543680562499999 0.5865388890625 0.7562194437499999 0.6326370375 0.750047221875 0.64745555625 0.7395541671875 0.673796296875 0.7605402781249999 0.6984925921875 0.7630083328125 0.73800555625 0.8000416671874999 0.71825
2 0.1265625 0.49453125 0.0328125 0.015625
2 0.28359375 0.45859375 0.03046875 0.021875
2 0.371875 0.4703125 0.02890625 0.015625
2 0.49453125 0.45546875 0.025 0.01953125
2 0.62109375 0.440625 0.0265625 0.01640625
2 0.671875 0.44140625 0.02421875 0.01484375
2 0.75234375 0.4640625 0.021875 0.0171875
1 0.45703125 0.45859375 0.025 0.02734375
1 0.78515625 0.553125 0.04375 0.02578125