3 0.3828125 0.48359375 0.2234375 0.7328125
2 0.38046875 0.30078125 0.20078125 0.36328125
3 0.77578125 0.3859375 0.1734375 0.5984375
2 0.79375 0.25703125 0.1734375 0.290625
3 0.51875 0.43828125 0.125 0.5078125
2 0.4890625 0.33046875 0.07421875 0.28046875
3 0.94140625 0.17578125 0.1171875 0.2015625
2 0.94375 0.17890625 0.10078125 0.16171875
3 0.6296875 0.2046875 0.1140625 0.39453125
2 0.621875 0.1390625 0.10078125 0.22890625
3 0.83671875 0.06640625 0.13515625 0.1171875
2 0.8359375 0.07109375 0.10234375 0.09609375
3 0.53828125 0.0953125 0.12890625 0.190625
1 0.53125 0.0765625 0.0828125 0.1421875
3 0.32890625 0.06171875 0.14921875 0.1234375
2 0.33203125 0.0546875 0.1171875 0.09453125
3 0.184375 0.15078125 0.13671875 0.2671875
2 0.1875 0.12421875 0.10859375 0.19453125