3 0.0765625 0.63125 0.10546875 0.5578125
0 0.0703125 0.3671875 0.07265625 0.03984375
3 0.18359375 0.65 0.0921875 0.7
0 0.18125 0.33515625 0.0734375 0.0625
3 0.275 0.6046875 0.08203125 0.59140625
0 0.25859375 0.33984375 0.0546875 0.0453125
3 0.425 0.628125 0.109375 0.62421875
0 0.440625 0.35078125 0.0609375 0.0515625
3 0.5765625 0.60390625 0.10078125 0.59921875
0 0.58359375 0.32421875 0.0578125 0.0375
3 0.71875 0.61796875 0.1078125 0.57578125
0 0.71015625 0.35625 0.07265625 0.05078125
3 0.84296875 0.6140625 0.1078125 0.6984375
0 0.83984375 0.2890625 0.07265625 0.04296875