3 0.15234375 0.5046875 0.234375 0.9125
1 0.1296875 0.07109375 0.09765625 0.05859375
3 0.3234375 0.2703125 0.0453125 0.21015625
1 0.3375 0.18203125 0.0265625 0.0328125
3 0.4 0.24921875 0.03984375 0.21953125
1 0.4015625 0.14453125 0.028125 0.01328125
3 0.4453125 0.2421875 0.03984375 0.20390625
1 0.4390625 0.146875 0.0140625 0.0109375
3 0.48203125 0.2421875 0.025 0.1828125
1 0.48046875 0.1625 0.01640625 0.01328125
3 0.52734375 0.28515625 0.03828125 0.2703125
1 0.5296875 0.159375 0.02265625 0.02265625
3 0.5703125 0.2484375 0.02734375 0.20390625
1 0.56796875 0.16640625 0.02109375 0.02890625
3 0.603125 0.30390625 0.028125 0.296875
1 0.60234375 0.1734375 0.01875 0.03046875
3 0.64921875 0.30234375 0.05625 0.37578125
1 0.63515625 0.1296875 0.02578125 0.025
3 0.73046875 0.3265625 0.09609375 0.47734375
1 0.72578125 0.11171875 0.05234375 0.04296875
3 0.85625 0.3703125 0.1140625 0.58046875
1 0.8765625 0.096875 0.04453125 0.03515625
3 0.96796875 0.36953125 0.0640625 0.5875
1 0.98671875 0.0984375 0.02578125 0.0265625