0 0.6109375 0.09921875 0.034375 0.0625
0 0.07734375 0.23203125 0.0875 0.096875
0 0.18063800000000002 0.249596428125 0.173172 0.3086571421875 0.18010600000000002 0.3400892859375 0.21800000000000003 0.3323821421875 0.250496 0.2724571421875 0.250496 0.2457857140625 0.21423399999999998 0.2181642859375 0.18063800000000002 0.249596428125
0 0.223834 0.20292142812499997 0.238232 0.20387499999999997 0.258496 0.177203571875 0.27076 0.140053571875 0.264894 0.130528571875 0.248896 0.10671428593750001 0.22666599999999998 0.1073821421875 0.21316799999999997 0.146721428125 0.22116600000000003 0.175296428125 0.223834 0.20292142812499997
0 0.08046875 0.0140625 0.040625 0.028125
3 0.8061640000000001 0.6744357140624999 0.834426 0.4982142859375 0.849358 0.32961071406250003 0.837626 0.2457857140625 0.7960320000000001 0.175296428125 0.7901659999999999 0.1410071421875 0.773634 0.147675 0.768834 0.1086178578125 0.7731 0.0305107140625 0.767768 0 0.67178 0.0028857140625 0.661648 0.028603571875 0.66218 0.0600392859375 0.67338 0.08480714218749999 0.671246 0.1038571421875 0.6781780000000001 0.13815 0.683512 0.1733928578125 0.6947099999999999 0.2095892859375 0.662714 0.2743642859375 0.604054 0.4315357140625 0.610454 0.5458428578125 0.63605 0.5896607140625 0.61312 0.7268285718749999 0.593388 0.9344857140625 0.600666 0.996428571875 0.766168 0.996428571875 0.7880320000000001 0.7687392859375 0.8061640000000001 0.6744357140624999
3 0.7784340000000001 0.147675 0.8002980000000001 0.1419571421875 0.792298 0.16672499999999998 0.849892 0.3658107140625 0.85789 0.3324678578125 0.854158 0.21339999999999998 0.8397600000000001 0.1705357140625 0.82696 0.11909642812500001 0.8274940000000001 0.0400357140625 0.818962 0 0.772 0.0002392859375 0.7746999999999999 0.0267 0.7693679999999999 0.10195000000000001 0.7784340000000001 0.147675
3 0.9586779999999999 0.0981428578125 0.956012 0.11814642812500001 0.97201 0.11147857187500002 0.9624119999999999 0.158153571875 0.94908 0.1972071421875 0.933614 0.2638857140625 0.924548 0.351521428125 0.92135 0.41438928593749996 0.912818 0.513453571875 0.9069520000000001 0.614425 0.900552 0.6677678578124999 0.880288 0.680153571875 0.872288 0.7296857140624999 0.9229499999999999 0.6934892859375 0.9416140000000001 0.6658642859375 0.943746 0.5620357140625 0.953346 0.715396428125 0.970944 0.568703571875 0.983208 0.417246428125 0.998 0.30389285781250003 0.998 0.1333857140625 0.998 0.0028857140625 0.966666 0.0026178578125 0.9544119999999999 0.020032142187499997 0.9570779999999999 0.0448 0.9554779999999999 0.07242142812499999 0.9586779999999999 0.0981428578125
3 0.944814 0.1533892859375 0.927748 0.164821428125 0.9202819999999999 0.2067321421875 0.912818 0.267696428125 0.9144159999999999 0.32961071406250003 0.904818 0.417246428125 0.8957520000000001 0.513453571875 0.884554 0.5829928578125 0.8637560000000001 0.605853571875 0.8680220000000001 0.6449071421875 0.9010859999999999 0.6268071421875 0.9304140000000001 0.2734107140625 0.968276 0.13815 0.97041 0.09337857187500001 0.962944 0.040989285937499995 0.944814 0.040989285937499995 0.9298819999999999 0.065753571875 0.9298819999999999 0.10195000000000001 0.9309480000000001 0.1391 0.944814 0.1533892859375
3 0.882954 0.3400892859375 0.873888 0.46201785781250004 0.8637560000000001 0.5515571421875001 0.8328260000000001 0.5925178578125 0.877088 0.5934678578125 0.897886 0.48773571406249994 0.9160159999999999 0.31437142812499996 0.912284 0.2619821421875 0.928816 0.164821428125 0.94268 0.1552928578125 0.9293480000000001 0.1429107140625 0.9266819999999999 0.101 0.9273339999999999 0.1002392859375 0.9021520000000001 0.11052500000000001 0.8658899999999999 0.2476928578125 0.865356 0.3181821421875 0.882954 0.3400892859375
3 0.9708460000000001 0.686325 0.9548479999999999 0.7587178578125 0.93725 0.8225392859375 0.971912 0.8330178578125 0.9703120000000001 0.8958857140625 0.998 0.8987428578125 0.998 0.3167321421875 0.9820439999999999 0.45866428593749997 0.9708460000000001 0.686325
3 0.671148 0.137653571875 0.664748 0.09764642812499999 0.665816 0.060496428125 0.666882 0.0033428578125 0.645018 0.004296428125 0.62422 0.0023892859375 0.62235440625 0.000298553125 0.608756 0.0033428578125 0.6018239999999999 0.0557321421875 0.628486 0.070975 0.633286 0.1128857140625 0.657816 0.1528928578125 0.6690159999999999 0.1852821421875 0.671148 0.137653571875
3 0.5394300000000001 0.0404928578125 0.508502 0.0776428578125 0.507968 0.09764642812499999 0.535698 0.1586107140625 0.519166 0.203378571875 0.5239659999999999 0.229096428125 0.494102 0.36055000000000004 0.5154340000000001 0.3662642859375 0.55223 0.266246428125 0.552762 0.3929357140625 0.561294 0.41293928593749996 0.57996 0.3948428578125 0.585826 0.1548 0.5943579999999999 0.147178571875 0.5986239999999999 0.07287857187499999 0.595958 0.0585892859375 0.583158 0.0500178578125 0.581558 0.034778571875 0.589024 0.030014285937500003 0.586892 0 0.558628 0.0004857140625 0.5602280000000001 0.034778571875 0.5394300000000001 0.0404928578125
3 0.600756 0.1414642859375 0.60129 0.172896428125 0.591158 0.22528928593750003 0.580492 0.2672 0.569294 0.3110178578125 0.597024 0.294825 0.606622 0.250053571875 0.610888 0.2795821421875 0.608756 0.3281642859375 0.60289 0.3948428578125 0.616754 0.408178571875 0.63542 0.396746428125 0.6514179999999999 0.2710107140625 0.6610159999999999 0.1957571421875 0.659416 0.1624178578125 0.6370180000000001 0.1243178578125 0.631686 0.090978571875 0.615626 0.070475 0.6018239999999999 0.070975 0.589558 0.0928821421875 0.591158 0.1319357140625 0.600756 0.1414642859375
3 0.446108 0.4958142859375 0.42851 0.50915 0.420512 0.5243892859375 0.42104400000000003 0.5463 0.418912 0.5901142859374999 0.42904400000000004 0.6339321421874999 0.443442 0.6272642859374999 0.44557599999999997 0.6463178578125001 0.43704200000000004 0.6748928578125 0.43277599999999994 0.7272821421875 0.43117599999999995 0.7853892859375 0.41144600000000003 0.8053928578124999 0.398648 0.8615928578125001 0.406114 0.9378 0.41037999999999997 0.9920928578125 0.453574 0.996428571875 0.486636 0.996428571875 0.48717 0.986378571875 0.48983600000000005 0.9778071421875 0.54103 0.9759 0.562894 0.967328571875 0.569826 0.9920928578125 0.5900920000000001 0.9911428578124999 0.5943579999999999 0.9549428578124999 0.57036 0.8701678578125 0.5682280000000001 0.8111071421875 0.558096 0.7739607140625 0.547962 0.7168071421875 0.512768 0.6158357140625 0.503168 0.603453571875 0.48029400000000005 0.6061892859375 0.480772 0.5339142859375 0.477572 0.5120071421875 0.462106 0.49200357187500005 0.446108 0.4958142859375
3 0.130946 0.8282535718749999 0.120814 0.8177749999999999 0.109616 0.7044214281250001 0.085086 0.5977357140625 0.057176000000000005 0.471046428125 0.049176 0.408178571875 0.006515999999999999 0.31958928593749997 0.001182 0.3167321421875 0.000116 0.996428571875 0.093626 0.996428571875 0.10908199999999998 0.9701857140625 0.13468 0.909221428125 0.13308 0.854925 0.130946 0.8282535718749999
3 0.108904 0.7015642859375 0.11690199999999999 0.8225392859375 0.123302 0.996428571875 0.171296 0.996428571875 0.171828 0.9149357140625 0.163296 0.8863607140624999 0.152098 0.7225214281250001 0.143032 0.613928571875 0.13023400000000002 0.45389999999999997 0.1377 0.4300857140625 0.145698 0.3567392859375 0.161696 0.274821428125 0.143032 0.21671428593750003 0.132366 0.171946428125 0.128634 0.12717499999999998 0.121702 0.098596428125 0.102504 0.090978571875 0.107836 0.14432142812499998 0.11530199999999999 0.203378571875 0.12436799999999999 0.2929178578125 0.108904 0.324353571875 0.10677 0.2881571421875 0.11743600000000001 0.2824392859375 0.11530199999999999 0.25100714218750003 0.106236 0.211953571875 0.093972 0.190996428125 0.07104200000000001 0.1767071421875 0.05771 0.19004285781250002 0.042778 0.219571428125 0.035846 0.2462428578125 0.029446 0.2795821421875 0.044378 0.2853 0.04331 0.3167321421875 0.011466 0.3192857140625 0.053444000000000005 0.45104285781250003 0.065708 0.5034321421875 0.108904 0.7015642859375
0 0.037446 0.138603571875 0.060908 0.13955714218749998 0.07104200000000001 0.1328892859375 0.063042 0.0947892859375 0.04811 0.060496428125 0.032645999999999994 0.0481142859375 0.016648 0.0557321421875 0.002782 0.0805 0 0.11333214218750001 0.001716 0.1147928578125 0.015581999999999999 0.129078571875 0.037446 0.138603571875
3 0 0.306253571875 0.0033160000000000004 0.3081607140625 0.026779999999999998 0.259578571875 0.022514 0.237671428125 0.02358 0.210046428125 0.036378 0.19861785781250002 0.058242 0.19385357187500002 0.059309999999999995 0.171946428125 0.067308 0.14813214218749998 0.06997400000000001 0.110028571875 0.055576 0.0585892859375 0.02358 0.0462071421875 0.008116 0.060496428125 0 0.10618928593750002 0 0.1109821421875 0 0.306253571875
3 0.062508 0 0.053976 0.032871428125000005 0.064108 0.034778571875 0.062508 0.045253571874999995 0.056133999999999996 0.058571428125000005 0.075308 0.11765 0.061442 0.1595607140625 0.058775999999999995 0.19004285781250002 0.119036 0.19861785781250002 0.116368 0.091928571875 0.10463599999999999 0.070975 0.08544 0.08526071406249999 0.098238 0.0557321421875 0.104104 0.015725 0.096638 0 0.062508 0
3 0.152134 0 0.153164 0.026203571874999998 0.161696 0.0681178578125 0.16223 0.10145714218749999 0.17023 0.1786142859375 0.16543000000000002 0.239575 0.19902599999999998 0.23481428593749998 0.225156 0.201475 0.22088999999999998 0.1052642859375 0.205424 0.0566857140625 0.18836 0.05478214218750001 0.18675999999999998 0.034778571875 0.195292 0.02525 0.18996 0 0.152134 0
0 0.153466 0.03 0.18996 0.0290607140625 0.189426 0.004296428125 0.15583 0 0.153466 0.03
3 0.221956 0.174803571875 0.216624 0.2043321421875 0.236888 0.2043321421875 0.239554 0.22719285781249998 0.267818 0.2814892859375 0.29928 0.41293928593749996 0.303546 0.44056428593749997 0.318478 0.511053571875 0.317944 0.445328571875 0.33074400000000004 0.396746428125 0.33021 0.3262571421875 0.316344 0.24338571406249998 0.30088 0.1795642859375 0.275284 0.14813214218749998 0.2408 0.10618928593750002 0.22462200000000002 0.1043142859375 0.205424 0.13955714218749998 0.221956 0.174803571875
3 0.351008 0.7291892859375 0.339808 0.619646428125 0.31901199999999996 0.5148642859375 0.300346 0.4224678578125 0.324878 0.33387857187500003 0.317944 0.295775 0.275816 0.23576428593749998 0.262484 0.183375 0.247554 0.212903571875 0.259286 0.268153571875 0.24435400000000002 0.228146428125 0.20649199999999998 0.220525 0.172896 0.2557678578125 0.174496 0.3262571421875 0.19316 0.3300678578125 0.205424 0.37007500000000004 0.19636 0.3843642859375 0.19955799999999999 0.4319928578125 0.221956 0.4843821421875 0.223022 0.517721428125 0.226756 0.5796392859374999 0.22782200000000002 0.6453642859375 0.227288 0.741571428125 0.23848799999999998 0.7834857140625 0.23902 0.8673107140624999 0.236888 0.8692142859375 0.27901600000000004 0.8587357140625 0.280082 0.796821428125 0.27898753125 0.6743217031250001 0.30141399999999996 0.751096428125 0.28861400000000004 0.8120607140624999 0.298214 0.8301607140625 0.337676 0.8196821421875 0.351008 0.7291892859375
2 0.454994 0.48914642812500003 0.43419800000000003 0.5034321421875 0.41713199999999995 0.5282 0.419266 0.557728571875 0.41879999999999995 0.5502392859375 0.47792599999999996 0.5491571421875 0.48539199999999993 0.54725 0.47579200000000005 0.5053392859375 0.454994 0.48914642812500003
3 0.29768 0.202425 0.314746 0.237671428125 0.321678 0.284346428125 0.326476 0.257675 0.336076 0.1871857140625 0.337142 0.14813214218749998 0.364872 0.129078571875 0.360072 0.09764642812499999 0.34727399999999997 0.044303571874999996 0.342476 0.0033428578125 0.31880000000000003 0.0073821421875 0.303014 0.050971428124999996 0.301946 0.1043142859375 0.300346 0.15575 0.29768 0.202425
2 0.30728 0.0271571421875 0.339276 0.033825 0.34460799999999997 0.0214428578125 0.329144 0.0023892859375 0.30728 0.0271571421875
3 0.329144 0.2881571421875 0.34034200000000003 0.35388214218749997 0.345142 0.4138928578125 0.35474 0.41960714218749995 0.352074 0.556775 0.36380599999999996 0.5863071421875 0.387802 0.548203571875 0.379804 0.5253428578125 0.38567 0.47581071406250003 0.397402 0.45961785781250003 0.410734 0.529153571875 0.43899600000000005 0.49867142812500004 0.43312999999999996 0.4777142859375 0.43099800000000005 0.41865714218749994 0.435798 0.39579642812500004 0.433664 0.3643607140625 0.426198 0.2853 0.44112999999999997 0.2824392859375 0.46032799999999996 0.2367178578125 0.455528 0.20623571406250002 0.441664 0.1528928578125 0.438464 0.1319357140625 0.418732 0.129078571875 0.401668 0.1205071421875 0.400602 0.1043142859375 0.40540000000000004 0.079546428125 0.40700000000000003 0.053828571874999995 0.398468 0.035728571875 0.388336 0.0195357140625 0.371272 0.0214428578125 0.358474 0.044303571874999996 0.35634 0.0681178578125 0.360072 0.0966928578125 0.368606 0.1205071421875 0.334476 0.156703571875 0.324878 0.24815 0.329144 0.2881571421875
2 0.395802 0.028110714062499997 0.378738 0.0223928578125 0.35954 0.0319178578125 0.35580599999999996 0.0643071421875 0.36274 0.0757357140625 0.39473600000000003 0.07192499999999999 0.403268 0.0681178578125 0.401668 0.045253571874999995 0.395802 0.028110714062499997
1 0.558982 0 0.558982 0.0223928578125 0.587246 0.028110714062499997 0.588312 0 0.558982 0
3 0.455528 0.1519428578125 0.44433 0.0785928578125 0.412866 0.035728571875 0.417666 0.015725 0.40220200000000006 0 0.370738 0.0014357140625 0.36753800000000003 0.02525 0.395268 0.033825 0.40700000000000003 0.0557321421875 0.401134 0.10145714218749999 0.404868 0.12622142812499998 0.43312999999999996 0.1338428578125 0.43479999999999996 0.44904642812500006 0.448062 0.4481857140625 0.441664 0.3357857140625 0.44219600000000003 0.2919678578125 0.455528 0.1519428578125
0 0.40540000000000004 0 0.368134 0.001428571875 0.368072 0.028110714062499997 0.408068 0.028110714062499997 0.41180000000000005 0.014775 0.40540000000000004 0
2 0.673636 0.0014357140625 0.65977 0.0309678578125 0.668134 0.0716678578125 0.7696240000000001 0.0595428578125 0.774424 0.033825 0.762692 0 0.673636 0.0014357140625
2 0.77069 0 0.773466 0.058571428125000005 0.823484 0.0566857140625 0.820284 0.0109642859375 0.8149520000000001 0.0004857140625 0.77069 0
2 0.9302619999999999 0.0585892859375 0.9312039999999999 0.0843107140625 0.959058 0.0805 0.958526 0.0462071421875 0.9531919999999999 0.0395392859375 0.9302619999999999 0.0585892859375
2 0.99692 0.0109642859375 0.993282 0.0033428578125 0.964484 0.0033428578125 0.9591860000000001 0.0252392859375 0.979322 0.0223928578125 0.986256 0.052875000000000005 0.994788 0.0395392859375 0.99692 0.0109642859375