3 0.05390625 0.64453125 0.1078125 0.7109375
2 0.071875 0.37734375 0.078125 0.1765625
0 0.2046875 0.2359375 0.14453125 0.1875
3 0.17578125 0.59921875 0.18046875 0.79140625
0 0.27734375 0.3828125 0.05234375 0.1125
0 0.3609375 0.3203125 0.09765625 0.09765625
0 0.434375 0.36328125 0.0453125 0.059375
0 0.48046875 0.346875 0.0515625 0.05625
3 0.56953125 0.63984375 0.17890625 0.7203125
2 0.58203125 0.375 0.08359375 0.1796875
3 0.4671875 0.46796875 0.0609375 0.2921875
3 0.43046875 0.475 0.04296875 0.2578125
3 0.3609375 0.63515625 0.14921875 0.7296875
3 0.68984375 0.6375 0.10234375 0.715625
3 0.809375 0.596875 0.1453125 0.80625
0 0.8296875 0.2515625 0.0953125 0.1140625
2 0.68203125 0.33203125 0.05078125 0.08984375