0 0.02 0.46913580312500003 0.018 0.49691357968750005 0.044 0.49382716093749995 0.04 0.4660493828125 0.02 0.46913580312500003
3 0.03 0.722222221875 0.022 0.759259259375 0.057999999999999996 0.759259259375 0.064 0.7561728390625 0.06 0.5925925921874999 0.068 0.5740740734374999 0.066 0.5432098765625 0.044 0.5123456796875 0.038 0.4660493828125 0.024 0.4660493828125 0.018 0.48148148125 0.022 0.5154320984375 0.002 0.5709876546875 0.014000000000000002 0.5987654328125 0.03 0.722222221875
3 0.118 0.5895061734375 0.13 0.7067901234375 0.12 0.75 0.144 0.7623456796875 0.156 0.75 0.146 0.6697530859375 0.16599999999999998 0.546296296875 0.144 0.5123456796875 0.13799999999999998 0.46913580312500003 0.124 0.4660493828125 0.11399999999999999 0.48148148125 0.122 0.5246913578125 0.10800000000000001 0.5555555562500001 0.10800000000000001 0.57716049375 0.118 0.5895061734375
0 0.11599999999999999 0.47222222187499996 0.11599999999999999 0.4876543203125 0.144 0.48456790156249996 0.134 0.46296296249999996 0.11599999999999999 0.47222222187499996
3 0.172 0.5370370375 0.156 0.6296296296875 0.172 0.7067901234375 0.184 0.8395061734375 0.2 0.8765432093750001 0.20600000000000002 0.953703703125 0.198 0.98148148125 0.178 0.9969135796874999 0.262 0.9969135796874999 0.254 0.9043209875 0.252 0.5216049375 0.21800000000000003 0.46913580312500003 0.22799999999999998 0.441358025 0.22799999999999998 0.40432098749999995 0.22000000000000003 0.38271605000000003 0.194 0.37654320937499997 0.172 0.4166666671875 0.176 0.46296296249999996 0.188 0.48148148125 0.186 0.5154320984375 0.172 0.5370370375
0 0.21200000000000002 0.42283950625 0.22599999999999998 0.44753086406250003 0.23199999999999998 0.441358025 0.22400000000000003 0.38580246875 0.2 0.37345679062500003 0.18 0.39197530937499997 0.16799999999999998 0.41358024687499995 0.174 0.432098765625 0.196 0.4166666671875 0.21200000000000002 0.42283950625
3 0.268 0.722222221875 0.288 0.73148148125 0.302 0.7253086421875 0.304 0.70987654375 0.296 0.6265432093750001 0.306 0.527777778125 0.288 0.48456790156249996 0.29 0.45370370312499997 0.282 0.43518518593750005 0.262 0.46296296249999996 0.258 0.5895061734375 0.282 0.6820987656249999 0.27999999999999997 0.70987654375 0.268 0.722222221875
0 0.27999999999999997 0.432098765625 0.266 0.44753086406250003 0.262 0.47222222187499996 0.292 0.4753086421875 0.29 0.43518518593750005 0.27999999999999997 0.432098765625
3 0.32999999999999996 0.46296296249999996 0.318 0.46913580312500003 0.31 0.5030864203125 0.32 0.6296296296875 0.33399999999999996 0.63271605 0.344 0.5030864203125 0.32999999999999996 0.46296296249999996
0 0.32 0.46296296249999996 0.318 0.4783950625 0.33599999999999997 0.4783950625 0.32799999999999996 0.45987654375 0.32 0.46296296249999996
3 0.458 0.9969135796874999 0.45599999999999996 0.8765432093750001 0.434 0.8765432093750001 0.414 0.8209876546875 0.422 0.7746913578125 0.396 0.73148148125 0.434 0.5833333328125 0.442 0.527777778125 0.438 0.5030864203125 0.404 0.48148148125 0.38 0.44444444375 0.348 0.43518518593750005 0.358 0.490740740625 0.346 0.527777778125 0.33799999999999997 0.6111111109375 0.33199999999999996 0.780864196875 0.346 0.8148148140625 0.33199999999999996 0.9969135796874999 0.458 0.9969135796874999
3 0.52 0.4012345671875 0.52 0.5648148140625 0.472 0.7746913578125 0.458 0.799382715625 0.458 0.8240740734375 0.46799999999999997 0.8271604937499999 0.462 0.8425925921875 0.466 0.9969135796874999 0.584 0.9969135796874999 0.6 0.8194444437499999 0.5980000000000001 0.7932098765625 0.584 0.777777778125 0.5660000000000001 0.7253086421875 0.5780000000000001 0.6882716046875 0.602 0.67283950625 0.608 0.645061728125 0.58 0.43827160468750004 0.58 0.36419753125 0.596 0.3148148140625 0.5860000000000001 0.2716049375 0.6 0.2530864203125 0.5740000000000001 0.20987654375 0.534 0.1851851859375 0.502 0.20987654375 0.49000000000000005 0.2746913578125 0.502 0.3148148140625 0.496 0.37654320937499997 0.508 0.37654320937499997 0.52 0.4012345671875
0 0.602 0.259259259375 0.55 0.1851851859375 0.512 0.19444444375 0.492 0.23765432031249997 0.49400000000000005 0.299382715625 0.532 0.2654320984375 0.58 0.2746913578125 0.602 0.259259259375
3 0.688 0.8611111109375 0.654 0.8487654328125 0.6519999999999999 0.9197530859375 0.6679999999999999 0.9969135796874999 0.688 0.9969135796874999 0.688 0.8611111109375
3 0.646 0.6666666671875 0.6559999999999999 0.6604938265625 0.6639999999999999 0.67283950625 0.6599999999999999 0.700617284375 0.6980000000000001 0.7283950625 0.696 0.8549382718749999 0.706 0.8734567906249999 0.718 0.9969135796874999 0.744 0.9969135796874999 0.742 0.8703703703125001 0.76 0.8549382718749999 0.754 0.6574074078125001 0.774 0.5648148140625 0.774 0.5216049375 0.746 0.4876543203125 0.766 0.441358025 0.766 0.39197530937499997 0.754 0.36728394999999997 0.732 0.35802469062500003 0.712 0.3796296296875 0.702 0.4074074078125 0.7 0.4783950625 0.666 0.5246913578125 0.6639999999999999 0.5617283953125 0.64 0.63271605 0.642 0.6512345671875 0.646 0.6666666671875
0 0.752 0.4660493828125 0.766 0.450617284375 0.768 0.3981481484375 0.75 0.3611111109375 0.72 0.36419753125 0.704 0.3981481484375 0.704 0.441358025 0.72 0.4197530859375 0.738 0.4166666671875 0.752 0.4660493828125
3 0.8800000000000001 0.9876543203124999 0.882 0.9969135796874999 0.93 0.9969135796874999 0.924 0.953703703125 0.93 0.8364197531249999 0.954 0.8364197531249999 0.968 0.8086419749999999 0.9720000000000001 0.7129629625 0.9480000000000001 0.4753086421875 0.8800000000000001 0.4197530859375 0.906 0.36419753125 0.9 0.317901234375 0.876 0.28395061718750003 0.852 0.27777777812500004 0.8400000000000001 0.2870370375 0.8160000000000001 0.336419753125 0.8320000000000001 0.432098765625 0.798 0.45679012343750003 0.784 0.48148148125 0.774 0.6543209875 0.774 0.7932098765625 0.8039999999999999 0.8410493828125001 0.8220000000000001 0.9969135796874999 0.8800000000000001 0.9876543203124999
0 0.868 0.3333333328125 0.8859999999999999 0.3487654328125 0.8880000000000001 0.37654320937499997 0.8779999999999999 0.39197530937499997 0.8939999999999999 0.39197530937499997 0.906 0.37654320937499997 0.9 0.3148148140625 0.8779999999999999 0.28086419687499997 0.844 0.27777777812500004 0.8160000000000001 0.3302469140625 0.8140000000000001 0.3456790125 0.8220000000000001 0.354938271875 0.836 0.3302469140625 0.868 0.3333333328125