0 0.354982 0.2889759765625 0.33379400000000004 0.3118978984375 0.37098 0.34863063125 0.37429 0.327915915625 0.37098 0.29891891875 0.354982 0.2889759765625
0 0.413458 0.2508618625 0.403528 0.2458888890625 0.395254 0.2566606609375 0.38090999999999997 0.28483183125 0.40518400000000004 0.2856606609375 0.424492 0.28483183125 0.413458 0.2508618625
0 0.653125 0.28984375 0.01328125 0.01328125
0 0.63046875 0.3015625 0.00859375 0.01171875
0 0.665625 0.878125 0.009375 0.01015625
0 0.65234375 0.88359375 0.0109375 0.0125
3 0.28216399999999997 0.43894594531250003 0.276096 0.509372371875 0.27058 0.5930570578125 0.274992 0.6162582578125 0.27333799999999997 0.6336576578125 0.295956 0.6436006 0.294852 0.5996876875 0.305334 0.562402403125 0.30754000000000004 0.5218018015625 0.31802199999999997 0.5044024031250001 0.328504 0.533402403125 0.336226 0.5640570578124999 0.34726 0.5897447453125 0.351672 0.613771771875 0.385324 0.598858859375 0.38311799999999996 0.57814414375 0.368774 0.5723453453125 0.361602 0.5325735734375 0.351672 0.5044024031250001 0.348914 0.46048648593749997 0.358844 0.43563063125 0.367672 0.424858859375 0.352776 0.3966876875 0.351672 0.3759729734375 0.356086 0.361060059375 0.36712 0.34614714687500003 0.372636 0.3121741734375 0.359396 0.2997447453125 0.346156 0.3080330328125 0.336552 0.32121921875 0.316918 0.3362042046875 0.30091999999999997 0.359402403125 0.284922 0.3991741734375 0.28216399999999997 0.43894594531250003
3 0.418424 0.40663063125 0.40849399999999997 0.42983183125 0.40297799999999995 0.5010870875 0.401874 0.5541171171875 0.385876 0.567372371875 0.393598 0.5996876875 0.41180399999999995 0.5955435437500001 0.42614599999999997 0.56654354375 0.425596 0.5276006 0.434422 0.490315315625 0.438284 0.540858859375 0.43056 0.5532882890625 0.42614599999999997 0.58063063125 0.466418 0.57814414375 0.46365999999999996 0.545 0.45704 0.487003003125 0.465866 0.458003003125 0.464212 0.3875735734375 0.45814199999999994 0.349459459375 0.44269600000000003 0.3154894890625 0.41897599999999996 0.2790330328125 0.411252 0.2599759765625 0.399668 0.2599759765625 0.384772 0.2922882890625 0.38863400000000003 0.30223123125 0.402426 0.3262612609375 0.38973800000000003 0.342003003125 0.365464 0.3842612609375 0.37429 0.4140870875 0.39746000000000004 0.388402403125 0.418424 0.40663063125
3 0.625846 0.393375375 0.638536 0.3875735734375 0.6330180000000001 0.3577447453125 0.6440520000000001 0.3867447453125 0.649568 0.3792882890625 0.649568 0.34366066093750003 0.6418440000000001 0.3287447453125 0.64019 0.2964324328125 0.6291559999999999 0.2922882890625 0.6241380000000001 0.3087927921875 0.614814 0.3328888890625 0.618676 0.356915915625 0.62364 0.363546546875 0.625846 0.393375375
3 0.6440520000000001 0.294774775 0.644604 0.3188018015625 0.65343 0.3212882890625 0.651224 0.332060059375 0.6484639999999999 0.37845945937500003 0.660602 0.39171771718750004 0.662256 0.3726606609375 0.6617040000000001 0.34366066093750003 0.674944 0.337858859375 0.6727380000000001 0.29891891875 0.6594979999999999 0.276546546875 0.641294 0.2889759765625 0.657292 0.303060059375 0.6440520000000001 0.294774775
3 0.657292 0.9642552546875001 0.669428 0.9402282281250001 0.674944 0.9145405406249999 0.676048 0.8896846843749999 0.666896 0.8659009015624999 0.662256 0.8963123124999999 0.655636 0.921171171875 0.657292 0.9642552546875001
3 0.6528780000000001 0.9228258265625 0.662256 0.8979699703125 0.651724 0.8710780781249999 0.641294 0.893 0.642396 0.928627628125 0.647362 0.9302852859374999 0.6528780000000001 0.9228258265625