3 0.0375 0.61953125 0.0625 0.33046875
3 0.1328125 0.61875 0.06484375 0.33671875
3 0.2078125 0.68671875 0.0921875 0.6265625
3 0.28203125 0.5890625 0.0453125 0.32734375
3 0.32578125 0.53984375 0.034375 0.1921875
3 0.3953125 0.709375 0.134375 0.58125
3 0.528125 0.5859375 0.18359375 0.828125
3 0.71171875 0.66953125 0.1359375 0.66015625
3 0.88125 0.6328125 0.18203125 0.734375
0 0.0328125 0.48125 0.0359375 0.03671875
0 0.128125 0.47578125 0.02890625 0.03359375
0 0.203125 0.41015625 0.071875 0.0703125
0 0.278125 0.45390625 0.03515625 0.05625
0 0.32734375 0.46796875 0.0234375 0.0234375
0 0.5421875 0.23671875 0.12890625 0.125
0 0.7359375 0.40703125 0.07734375 0.109375
0 0.86796875 0.33671875 0.121875 0.128125