3 0.454935621875 0.5611702125 0.46137339062500005 0.5744680843750001 0.4506437765625 0.5824468078125 0.4527897 0.59308510625 0.48927038593749994 0.625 0.5 0.6010638296875 0.5364806859375 0.5718085109375 0.5493562234375 0.422872340625 0.53004291875 0.375 0.5 0.3537234046875 0.48927038593749994 0.3058510640625 0.46566523593750003 0.30053191562500003 0.4527897 0.3191489359375 0.46137339062500005 0.3829787234375 0.43562231718750005 0.47872340468749996 0.45922746718749996 0.5 0.454935621875 0.5611702125
0 0.5042918453125 0.3218085109375 0.478540771875 0.297872340625 0.454935621875 0.3111702125 0.4527897 0.3484042546875 0.49785407656249997 0.34574468125 0.5042918453125 0.3351063828125 0.5042918453125 0.3218085109375
3 0.8218884125000001 0.9388297874999999 0.8240343343750001 0.8989361703125001 0.8369098718749999 0.872340425 0.8347639484375 0.8138297874999999 0.79184549375 0.8191489359374999 0.7639484984375 0.84574468125 0.75536480625 0.875 0.761802575 0.890957446875 0.8047210296875 0.9335106390625001 0.8218884125000001 0.9388297874999999
3 0.7575107296875 0.9175531921875001 0.7467811156249999 0.9175531921875001 0.7339055796875 0.8856382984375 0.714592275 0.8670212765624999 0.7017167375 0.8670212765624999 0.7038626609375 0.9574468078124999 0.74463519375 0.984042553125 0.74463519375 0.9441489359374999 0.7575107296875 0.9175531921875001
3 0.6587982828125 0.8191489359374999 0.6587982828125 0.90691489375 0.6824034328125 0.9255319156249999 0.6759656656249999 0.8297872343750001 0.6587982828125 0.8191489359374999
3 0.66094420625 0.7101063828124999 0.64806866875 0.7260638296875 0.6566523609375 0.747340425 0.645922746875 0.768617021875 0.6566523609375 0.7872340421875 0.68454935625 0.797872340625 0.7038626609375 0.8324468078124999 0.738197425 0.8670212765624999 0.7682403437499999 0.8138297874999999 0.832618025 0.7898936171875001 0.7875536484375 0.702127659375 0.7424892703125 0.6648936171875001 0.7103004296875 0.5611702125 0.6781115875 0.5505319156249999 0.645922746875 0.5851063828124999 0.6330472109375 0.622340425 0.6330472109375 0.6515957453125 0.6545064375 0.670212765625 0.66094420625 0.7101063828124999
0 0.7274678109375 0.6170212765625 0.716738196875 0.5691489359374999 0.6888412015625 0.5505319156249999 0.667381975 0.5558510640625001 0.6437768234375 0.59042553125 0.6330472109375 0.6196808515625001 0.6394849781249999 0.638297871875 0.6738197421875001 0.640957446875 0.7274678109375 0.6170212765625
3 0.2875536484375 0.3351063828125 0.26824034375 0.3191489359375 0.26180257500000004 0.30053191562500003 0.24248927031249998 0.295212765625 0.253218884375 0.375 0.30257510781249997 0.4015957453125 0.3047210296875 0.3856382984375 0.2875536484375 0.3351063828125
0 0.24248927031249998 0.295212765625 0.24248927031249998 0.3218085109375 0.2660944203125 0.3138297875 0.25536480625 0.295212765625 0.24248927031249998 0.295212765625
3 0.1652360515625 0.2765957453125 0.1587982828125 0.28191489375 0.16738197500000002 0.3138297875 0.19527897031250002 0.33244680781249997 0.1781115875 0.28723404218750004 0.1652360515625 0.2765957453125
0 0.16094420625 0.2765957453125 0.1587982828125 0.29255319218750003 0.17381974218750001 0.295212765625 0.17381974218750001 0.27925531875 0.16094420625 0.2765957453125