3 0.074 0.75075075 0.052000000000000005 0.8018018015624999 0.072 0.8228228234375001 0.08 0.85585585625 0.11599999999999999 0.8618618625 0.122 0.85585585625 0.122 0.5855855859375 0.132 0.51951951875 0.11200000000000002 0.5015015015625 0.096 0.5135135140625 0.08399999999999999 0.552552553125 0.064 0.5495495499999999 0.06 0.5375375375 0.064 0.5585585578125001 0.048 0.6486486484375 0.05 0.69369369375 0.074 0.75075075
0 0.134 0.5495495499999999 0.134 0.522522521875 0.126 0.5075075078125 0.10600000000000001 0.5015015015625 0.094 0.5165165171874999 0.094 0.54354354375 0.11000000000000001 0.5585585578125001 0.126 0.5615615609375 0.134 0.5495495499999999
3 0.142 0.4984984984375 0.146 0.5075075078125 0.188 0.4984984984375 0.20800000000000002 0.5675675671875 0.194 0.597597596875 0.2 0.6666666671875 0.23199999999999998 0.6606606609375001 0.22200000000000003 0.60660660625 0.242 0.5885885890625 0.274 0.6606606609375001 0.292 0.6696696703125 0.286 0.6306306312500001 0.264 0.5825825828125 0.25 0.5075075078125 0.2 0.4264264265625 0.2 0.39939939999999996 0.192 0.3873873875 0.16999999999999998 0.39939939999999996 0.16799999999999998 0.41741741718750003 0.18 0.453453453125 0.144 0.48048048125 0.142 0.4984984984375
0 0.178 0.3873873875 0.16799999999999998 0.402402403125 0.16999999999999998 0.4234234234375 0.202 0.4144144140625 0.192 0.3873873875 0.178 0.3873873875
3 0.356 0.51951951875 0.386 0.5045045046875 0.398 0.522522521875 0.40199999999999997 0.5645645640625 0.41200000000000003 0.5645645640625 0.422 0.5915915921875 0.434 0.5885885890625 0.45 0.5615615609375 0.44000000000000006 0.453453453125 0.41200000000000003 0.4084084078125 0.4 0.36936936875000004 0.382 0.372372371875 0.374 0.390390390625 0.392 0.465465465625 0.39 0.48648648593750005 0.358 0.5015015015625 0.356 0.51951951875
0 0.404 0.36936936875000004 0.382 0.36936936875000004 0.374 0.38138138125 0.376 0.4084084078125 0.41200000000000003 0.40540540468749997 0.404 0.36936936875000004
3 0.43200000000000005 0.9339339343749999 0.45599999999999996 0.9369369375 0.49000000000000005 0.8948948953125001 0.49800000000000005 0.9129129125000001 0.524 0.8948948953125001 0.5 0.525525525 0.488 0.5135135140625 0.47400000000000003 0.5165165171874999 0.438 0.5885885890625 0.42400000000000004 0.6366366359375 0.45 0.8168168171874999 0.42800000000000005 0.91891891875 0.43200000000000005 0.9339339343749999
0 0.476 0.5135135140625 0.466 0.5285285281250001 0.466 0.5555555562500001 0.502 0.5615615609375 0.5 0.51951951875 0.476 0.5135135140625
3 0.504 0.47747747812499997 0.528 0.5135135140625 0.538 0.4144144140625 0.5700000000000001 0.39939939999999996 0.584 0.42042042031250004 0.588 0.40540540468749997 0.564 0.3573573578125 0.512 0.32732732656249997 0.49400000000000005 0.3483483484375 0.492 0.44444444375 0.48 0.5105105109375 0.49000000000000005 0.5105105109375 0.504 0.47747747812499997
0 0.496 0.3363363359375 0.496 0.36936936875000004 0.526 0.3543543546875 0.512 0.32732732656249997 0.496 0.3363363359375
3 0.716 0.8018018015624999 0.72 0.8138138140625 0.734 0.8078078078125 0.746 0.7627627625 0.734 0.5735735734375 0.722 0.534534534375 0.736 0.5015015015625 0.732 0.46846846875 0.708 0.465465465625 0.6980000000000001 0.5045045046875 0.666 0.5465465468749999 0.6719999999999999 0.84384384375 0.6839999999999999 0.858858859375 0.688 0.8018018015624999 0.716 0.8018018015624999
0 0.71 0.4624624625 0.702 0.47447447499999995 0.7 0.4984984984375 0.736 0.5045045046875 0.732 0.465465465625 0.71 0.4624624625
3 0.744 0.5165165171874999 0.754 0.525525525 0.778 0.5045045046875 0.788 0.522522521875 0.788 0.3483483484375 0.748 0.2882882890625 0.73 0.3003003 0.728 0.396396396875 0.742 0.43843843906249996 0.738 0.47447447499999995 0.744 0.5165165171874999
0 0.73 0.297297296875 0.732 0.321321321875 0.756 0.309309309375 0.75 0.2882882890625 0.73 0.297297296875
3 0.8099999999999999 0.633633634375 0.82 0.6216216218749999 0.8400000000000001 0.6366366359375 0.826 0.7147147140625 0.8300000000000001 0.7957957953125 0.85 0.7987987984375 0.8539999999999999 0.8198198203124999 0.8619999999999999 0.8228228234375001 0.8800000000000001 0.6516516515624999 0.89 0.61861861875 0.884 0.5285285281250001 0.85 0.42042042031250004 0.8320000000000001 0.41741741718750003 0.82 0.43843843906249996 0.8320000000000001 0.48348348281250003 0.8300000000000001 0.5135135140625 0.8039999999999999 0.6216216218749999 0.8099999999999999 0.633633634375
0 0.8480000000000001 0.41741741718750003 0.8300000000000001 0.41741741718750003 0.82 0.4324324328125 0.826 0.459459459375 0.858 0.453453453125 0.858 0.4324324328125 0.8480000000000001 0.41741741718750003