3 0.559375 0.303125 0.38125 0.60546875
0 0.4890625 0.19296875 0.246875 0.3859375
3 0.2234375 0.39921875 0.0625 0.24375
0 0.215625 0.30546875 0.04375 0.0421875
3 0.13984375 0.37109375 0.0921875 0.3
0 0.1296875 0.27421875 0.0609375 0.10390625
3 0.0515625 0.3390625 0.0609375 0.18359375
0 0.046875 0.29921875 0.04375 0.09375
3 0.759375 0.26328125 0.05859375 0.09921875
0 0.7578125 0.253125 0.0359375 0.05859375
3 0.896875 0.4484375 0.1265625 0.1375
0 0.89140625 0.44296875 0.07265625 0.10625
3 0.8625 0.3015625 0.03984375 0.07421875
0 0.8671875 0.290625 0.02734375 0.03671875
3 0.91875 0.303125 0.03515625 0.0515625
0 0.91796875 0.296875 0.02890625 0.025