3 0.45546875 0.5671875 0.07109375 0.43671875
0 0.45625 0.43515625 0.04453125 0.10546875
3 0.53515625 0.58515625 0.06875 0.4015625
0 0.5171875 0.4265625 0.0328125 0.084375
3 0.5546875 0.4578125 0.02890625 0.09453125
0 0.54921875 0.42890625 0.0171875 0.04375
3 0.62109375 0.596875 0.084375 0.4875
0 0.615625 0.40546875 0.0453125 0.0984375
3 0.7390625 0.59765625 0.0734375 0.50703125
0 0.734375 0.41015625 0.0359375 0.09453125
3 0.68984375 0.5578125 0.046875 0.32265625
0 0.6875 0.42734375 0.03984375 0.071875
3 0.86953125 0.57578125 0.07734375 0.45625
0 0.85859375 0.39296875 0.03125 0.09453125
3 0.8171875 0.53984375 0.01953125 0.2859375
0 0.82421875 0.41875 0.01875 0.03671875
3 0.9375 0.53671875 0.03828125 0.2734375
0 0.93359375 0.42734375 0.0328125 0.0578125
3 0.9765625 0.58046875 0.04296875 0.3828125
0 0.9796875 0.42890625 0.040625 0.0796875