3 0.15546875 0.4515625 0.10390625 0.54140625
2 0.17734375 0.22109375 0.04921875 0.07578125
3 0.45859375 0.46171875 0.05625 0.28203125
3 0.40234375 0.465625 0.05703125 0.3421875
3 0.33984375 0.4703125 0.0765625 0.42578125
3 0.77578125 0.48515625 0.06015625 0.34375
3 0.92109375 0.66484375 0.14296875 0.29921875
3 0.56953125 0.53984375 0.1171875 0.4734375
0 0.925 0.540625 0.07421875 0.06171875
2 0.76328125 0.3390625 0.034375 0.05703125
0 0.57734375 0.321875 0.04921875 0.046875
2 0.471875 0.34609375 0.0265625 0.0515625
2 0.41328125 0.31796875 0.03125 0.0515625
0 0.35546875 0.27734375 0.0484375 0.04609375