3 0.29609375 0.48359375 0.26640625 0.903125
0 0.284375 0.2734375 0.2359375 0.44921875
3 0.73359375 0.13984375 0.08671875 0.2765625
0 0.709375 0.0359375 0.03125 0.059375
3 0.65546875 0.16953125 0.09609375 0.2921875
0 0.63359375 0.06171875 0.0515625 0.0828125
3 0.55703125 0.134375 0.07890625 0.26875
0 0.57109375 0.028125 0.03359375 0.05546875
3 0.5328125 0.0703125 0.03671875 0.13984375
3 0.47890625 0.06875 0.0484375 0.1265625
3 0.4359375 0.0453125 0.046875 0.090625
0 0.43671875 0.01796875 0.0359375 0.02890625
3 0.38984375 0.04609375 0.0390625 0.0921875
0 0.38828125 0.01796875 0.0234375 0.03515625
3 0.15390625 0.1234375 0.0546875 0.1859375
0 0.15234375 0.0703125 0.03828125 0.05234375
3 0.1109375 0.178125 0.0515625 0.08984375
3 0.04296875 0.178125 0.0765625 0.065625