3 0 0.6357142859375 0.14250000000000002 0.6392857140625 0.1375 0.5928571421875 0.15 0.5678571421874999 0.145 0.5321428578125 0.13 0.5142857140625 0.11750000000000001 0.5142857140625 0.0925 0.4392857140625 0.0725 0.3428571421875 0.09 0.296428571875 0.0875 0.2607142859375 0.0975 0.2428571421875 0.0925 0.1892857140625 0.075 0.146428571875 0.0625 0.1392857140625 0.03 0.13571428593749998 0.005 0.15714285781249998 0 0.1678571421875 0 0.6357142859375
0 0 0.22857142812500003 0.01 0.2321428578125 0.015 0.24642857187499997 0.0125 0.25 0.017499999999999998 0.2607142859375 0.03 0.2607142859375 0.06 0.24642857187499997 0.0625 0.25 0.0875 0.25 0.0975 0.2428571421875 0.095 0.23571428593750002 0.095 0.203571428125 0.0925 0.2 0.09 0.178571428125 0.075 0.146428571875 0.052500000000000005 0.13571428593749998 0.03 0.13571428593749998 0.015 0.1428571421875 0.005 0.15714285781249998 0 0.1678571421875 0 0.22857142812500003
3 0.2525 0.6428571421875 0.27 0.6651785718750001 0.2725 0.896428571875 0.255 0.9392857140625 0.23500000000000001 0.95 0.255 0.975 0.27999999999999997 0.975 0.335 0.9464285718750001 0.32999999999999996 0.9285714281249999 0.3075 0.9142857140625 0.3175 0.725 0.3375 0.5821428578125001 0.335 0.3107142859375 0.315 0.2607142859375 0.3175 0.153571428125 0.3 0.128571428125 0.28250000000000003 0.125 0.2625 0.1428571421875 0.2525 0.1821428578125 0.2525 0.2607142859375 0.2125 0.2892857140625 0.1875 0.3428571421875 0.18 0.46428571406249997 0.205 0.6107142859375 0.2225 0.6392857140625 0.2525 0.6428571421875
0 0.26749999999999996 0.1928571421875 0.275 0.196428571875 0.315 0.1928571421875 0.32 0.1892857140625 0.32 0.1678571421875 0.3175 0.1642857140625 0.3175 0.153571428125 0.315 0.146428571875 0.3025 0.128571428125 0.2975 0.125 0.27749999999999997 0.125 0.2725 0.128571428125 0.2575 0.15 0.255 0.16071428593749998 0.2525 0.1928571421875 0.2575 0.196428571875 0.265 0.196428571875 0.26749999999999996 0.1928571421875
3 0.33999999999999997 0.8821428578124999 0.3625 0.878571428125 0.35750000000000004 0.853571428125 0.375 0.846428571875 0.4175 0.871428571875 0.425 0.8607142859374999 0.40750000000000003 0.828571428125 0.4175 0.75 0.41500000000000004 0.675 0.4225 0.603571428125 0.445 0.5678571421874999 0.44749999999999995 0.4607142859375 0.4375 0.325 0.40499999999999997 0.2642857140625 0.4175 0.21071428593750002 0.40750000000000003 0.16071428593749998 0.375 0.153571428125 0.365 0.1642857140625 0.355 0.2607142859375 0.3275 0.2892857140625 0.335 0.6357142859375 0.3175 0.7678571421875 0.32 0.846428571875 0.33999999999999997 0.8821428578124999
0 0.37 0.21071428593750002 0.395 0.21071428593750002 0.4 0.21785714218750002 0.41 0.21785714218750002 0.4175 0.21071428593750002 0.4175 0.1821428578125 0.4125 0.1642857140625 0.40499999999999997 0.153571428125 0.39 0.153571428125 0.3875 0.15 0.3775 0.15 0.37 0.153571428125 0.3625 0.1642857140625 0.36 0.175 0.36 0.1892857140625 0.35750000000000004 0.1928571421875 0.36 0.21785714218750002 0.37 0.21071428593750002
3 0.5025000000000001 0.7857142859375 0.5125 0.7857142859375 0.5175 0.753571428125 0.55 0.7678571421875 0.5575 0.825 0.5650000000000001 0.825 0.5725 0.6607142859375 0.5675 0.5071428578125 0.5825 0.375 0.58 0.3142857140625 0.5625 0.2428571421875 0.5725 0.1928571421875 0.5675 0.171428571875 0.54 0.1642857140625 0.5275000000000001 0.178571428125 0.515 0.2142857140625 0.525 0.27142857187499997 0.47750000000000004 0.33214285781249997 0.465 0.3892857140625 0.45999999999999996 0.45 0.48 0.5607142859375001 0.485 0.7607142859375 0.5025000000000001 0.7857142859375
0 0.515 0.22142857187499998 0.52 0.22142857187499998 0.5349999999999999 0.21071428593750002 0.545 0.21071428593750002 0.5475 0.2142857140625 0.55 0.21071428593750002 0.5625 0.21071428593750002 0.5675 0.2071428578125 0.5675 0.203571428125 0.575 0.1928571421875 0.575 0.1821428578125 0.5725 0.175 0.55 0.16071428593749998 0.5425 0.16071428593749998 0.5275000000000001 0.175 0.5175 0.203571428125 0.51 0.21071428593750002 0.51 0.2142857140625 0.515 0.22142857187499998
3 0.6599999999999999 0.7928571421874999 0.6675 0.8035714281249999 0.6675 0.8607142859374999 0.6525000000000001 0.921428571875 0.6025 0.9357142859375 0.5875 0.971428571875 0.5599999999999999 0.9892857140625001 0.6799999999999999 0.996428571875 0.675 0.703571428125 0.6775 0.6678571421874999 0.6925 0.65 0.6925 0.6178571421875 0.705 0.5928571421875 0.7075 0.46785714218749996 0.6775 0.3428571421875 0.6375 0.278571428125 0.655 0.225 0.645 0.1642857140625 0.625 0.1428571421875 0.6 0.1428571421875 0.5825 0.171428571875 0.5700000000000001 0.23571428593750002 0.5925 0.33928571406249997 0.5725 0.5071428578125 0.5775 0.7892857140625 0.6599999999999999 0.7928571421874999
0 0.5825 0.203571428125 0.605 0.203571428125 0.6075 0.2071428578125 0.6174999999999999 0.21071428593750002 0.6425 0.2142857140625 0.6475 0.22142857187499998 0.65 0.22142857187499998 0.655 0.2142857140625 0.655 0.203571428125 0.65 0.1892857140625 0.6475 0.1678571421875 0.6325000000000001 0.146428571875 0.6275000000000001 0.1428571421875 0.62 0.1428571421875 0.6174999999999999 0.1392857140625 0.6025 0.1392857140625 0.5825 0.1678571421875 0.58 0.175 0.58 0.1892857140625 0.5775 0.1928571421875 0.5775 0.2 0.5825 0.203571428125
3 0.7 0.7821428578125 0.6849999999999999 0.8392857140625001 0.7275 0.85 0.74 0.7642857140625 0.745 0.3821428578125 0.75 0.346428571875 0.7675 0.325 0.7575000000000001 0.2446428578125 0.7725 0.1892857140625 0.7625 0.178571428125 0.735 0.1928571421875 0.7224999999999999 0.25 0.7325 0.30357142812500004 0.7025 0.33928571406249997 0.6925 0.378571428125 0.7125 0.5071428578125 0.705 0.621428571875 0.6900000000000001 0.6678571421874999 0.7 0.7821428578125
0 0.7525000000000001 0.225 0.76 0.225 0.76 0.22142857187499998 0.765 0.21785714218750002 0.7725 0.1892857140625 0.765 0.178571428125 0.7575000000000001 0.178571428125 0.7525000000000001 0.175 0.745 0.178571428125 0.73 0.2 0.7275 0.21071428593750002 0.725 0.21071428593750002 0.7224999999999999 0.225 0.7275 0.22857142812500003 0.75 0.22857142812500003 0.7525000000000001 0.225
3 0.7725 0.375 0.7725 0.39642857187499997 0.765 0.42142857187500005 0.765 0.45 0.7675 0.46785714218749996 0.7825 0.47142857187500004 0.8074999999999999 0.45357142812499995 0.835 0.3892857140625 0.835 0.33214285781249997 0.8150000000000001 0.2892857140625 0.8275 0.253571428125 0.8324999999999999 0.25 0.8324999999999999 0.21785714218750002 0.8275 0.196428571875 0.8 0.171428571875 0.7825 0.1821428578125 0.77 0.2071428578125 0.77 0.22142857187499998 0.7625 0.23571428593750002 0.77 0.3 0.7725 0.375
0 0.7825 0.22857142812500003 0.795 0.22857142812500003 0.805 0.2392857140625 0.805 0.2428571421875 0.8125 0.24642857187499997 0.8225 0.24642857187499997 0.825 0.25 0.8275 0.25 0.835 0.23571428593750002 0.8324999999999999 0.22857142812500003 0.8324999999999999 0.21071428593750002 0.8275 0.1928571421875 0.8099999999999999 0.175 0.795 0.171428571875 0.7849999999999999 0.1821428578125 0.7825 0.1821428578125 0.7725 0.196428571875 0.77 0.203571428125 0.77 0.22142857187499998 0.775 0.225 0.7825 0.22857142812500003
3 0.8400000000000001 0.39642857187499997 0.7849999999999999 0.5107142859375 0.8 0.6 0.7925 0.6178571421875 0.7975 0.778571428125 0.8074999999999999 0.8 0.8225 0.7928571421874999 0.8400000000000001 0.8142857140625 0.8425 0.853571428125 0.8975 0.8678571421875001 0.9099999999999999 0.8571428578125 0.9125 0.8 0.9475 0.703571428125 0.97 0.5107142859375 0.97 0.40714285781250004 0.9400000000000001 0.2678571421875 0.9574999999999999 0.1821428578125 0.95 0.146428571875 0.9324999999999999 0.121428571875 0.8875 0.11071428593749999 0.86 0.1392857140625 0.8400000000000001 0.196428571875 0.8425 0.2678571421875 0.8574999999999999 0.3107142859375 0.8525 0.3428571421875 0.8400000000000001 0.39642857187499997
0 0.8699999999999999 0.196428571875 0.8825 0.196428571875 0.885 0.1928571421875 0.9175000000000001 0.196428571875 0.9199999999999999 0.203571428125 0.9275 0.203571428125 0.9349999999999999 0.21071428593750002 0.95 0.21071428593750002 0.9574999999999999 0.2 0.9550000000000001 0.16071428593749998 0.9475 0.1392857140625 0.93 0.11785714218750001 0.9125 0.10714285781249999 0.8875 0.10714285781249999 0.8775000000000001 0.11428571406250002 0.8574999999999999 0.1428571421875 0.8525 0.16071428593749998 0.85 0.1857142859375 0.86 0.1928571421875 0.8675 0.1928571421875 0.8699999999999999 0.196428571875