3 0.096 0.6058823531249999 0.086 0.71176470625 0.088 0.7764705875 0.092 0.7852941171875 0.11399999999999999 0.7823529406249999 0.11000000000000001 0.7470588234375 0.13799999999999998 0.7264705874999999 0.144 0.7529411765625 0.178 0.7588235296875 0.18 0.744117646875 0.16 0.7147058828125 0.148 0.582352940625 0.142 0.4764705875 0.144 0.45294117656250005 0.156 0.43823529375000003 0.126 0.3852941171875 0.12 0.355882353125 0.136 0.305882353125 0.136 0.27647058750000003 0.126 0.27352941249999996 0.10800000000000001 0.294117646875 0.066 0.367647059375 0.066 0.45 0.078 0.46764705937500006 0.078 0.5352941171875 0.096 0.6058823531249999
2 0.128 0.27352941249999996 0.10800000000000001 0.294117646875 0.1 0.317647059375 0.132 0.3147058828125 0.13799999999999998 0.27647058750000003 0.128 0.27352941249999996
3 0.22000000000000003 0.7176470593750001 0.21200000000000002 0.744117646875 0.21200000000000002 0.8058823531250001 0.22000000000000003 0.88823529375 0.22400000000000003 0.9029411765625 0.252 0.917647059375 0.258 0.91176470625 0.256 0.8647058828124999 0.29 0.8735294124999999 0.348 0.8647058828124999 0.348 0.8529411765624999 0.32 0.8411764703125 0.308 0.7970588234375 0.312 0.5352941171875 0.302 0.444117646875 0.314 0.417647059375 0.294 0.3852941171875 0.298 0.3705882359375 0.344 0.332352940625 0.356 0.2705882359375 0.33799999999999997 0.267647059375 0.318 0.3147058828125 0.286 0.3294117640625 0.27799999999999997 0.317647059375 0.27 0.23823529375 0.262 0.22352941249999997 0.238 0.2205882359375 0.21400000000000002 0.244117646875 0.21200000000000002 0.282352940625 0.22000000000000003 0.305882353125 0.21400000000000002 0.3264705875 0.18 0.3529411765625 0.18 0.38823529375 0.21600000000000003 0.5117647062499999 0.21200000000000002 0.6029411765625 0.22000000000000003 0.7176470593750001
2 0.244 0.3 0.27999999999999997 0.294117646875 0.29 0.282352940625 0.27 0.2647058828125 0.27 0.23823529375 0.258 0.2205882359375 0.242 0.217647059375 0.21400000000000002 0.24117647031249997 0.21200000000000002 0.282352940625 0.22200000000000003 0.305882353125 0.23199999999999998 0.2911764703125 0.244 0.3
3 0.40800000000000003 0.555882353125 0.41600000000000004 0.6147058828125 0.41200000000000003 0.6970588234374999 0.418 0.7764705875 0.41 0.817647059375 0.42800000000000005 0.817647059375 0.434 0.7838235296875 0.466 0.7852941171875 0.47000000000000003 0.8029411765625 0.488 0.8058823531250001 0.488 0.5411764703124999 0.49800000000000005 0.5352941171875 0.502 0.46764705937500006 0.516 0.43235294062499996 0.496 0.36176470625 0.46399999999999997 0.3264705875 0.46799999999999997 0.26176470625000003 0.462 0.25 0.44000000000000006 0.244117646875 0.426 0.2588235296875 0.426 0.332352940625 0.4 0.35882352968750003 0.39 0.38823529375 0.386 0.4264705875 0.4 0.45 0.41 0.49411764687500004 0.40800000000000003 0.555882353125
2 0.462 0.24705882343750002 0.442 0.24117647031249997 0.426 0.2588235296875 0.426 0.3 0.47000000000000003 0.2970588234375 0.472 0.27352941249999996 0.462 0.24705882343750002
3 0.5820000000000001 0.6205882359375 0.5740000000000001 0.3852941171875 0.562 0.3235294125 0.542 0.3352941171875 0.54 0.367647059375 0.532 0.3735294125 0.536 0.6235294125 0.5820000000000001 0.6205882359375
2 0.546 0.3264705875 0.544 0.3470588234375 0.568 0.344117646875 0.5660000000000001 0.3264705875 0.546 0.3264705875
3 0.592 0.705882353125 0.61 0.68823529375 0.636 0.6970588234374999 0.63 0.63823529375 0.642 0.4764705875 0.638 0.4088235296875 0.646 0.382352940625 0.646 0.3470588234375 0.624 0.32058823593749997 0.63 0.2705882359375 0.624 0.26176470625000003 0.602 0.267647059375 0.596 0.32058823593749997 0.5740000000000001 0.35 0.584 0.6764705875 0.592 0.705882353125
2 0.612 0.2588235296875 0.6 0.2705882359375 0.6 0.294117646875 0.63 0.2970588234375 0.628 0.2647058828125 0.612 0.2588235296875
3 0.6980000000000001 0.6911764703125 0.728 0.705882353125 0.718 0.6588235296875 0.722 0.42352941250000004 0.708 0.40294117656250006 0.718 0.332352940625 0.71 0.3264705875 0.706 0.2588235296875 0.686 0.25 0.674 0.26176470625000003 0.678 0.317647059375 0.6559999999999999 0.332352940625 0.658 0.705882353125 0.6980000000000001 0.6911764703125
2 0.674 0.26176470625000003 0.6759999999999999 0.2852941171875 0.708 0.27352941249999996 0.6980000000000001 0.25 0.674 0.26176470625000003
3 0.736 0.68823529375 0.728 0.7588235296875 0.704 0.8205882359375 0.752 0.8088235296875 0.766 0.68823529375 0.792 0.682352940625 0.792 0.8411764703125 0.8099999999999999 0.85 0.82 0.8411764703125 0.828 0.7617647062499999 0.8300000000000001 0.5764705875 0.834 0.555882353125 0.844 0.55 0.85 0.505882353125 0.8460000000000001 0.4147058828125 0.852 0.3852941171875 0.834 0.32058823593749997 0.796 0.28823529375 0.8039999999999999 0.24705882343750002 0.798 0.22352941249999997 0.778 0.1970588234375 0.77 0.194117646875 0.742 0.22352941249999997 0.74 0.24705882343750002 0.756 0.28823529375 0.73 0.2970588234375 0.712 0.394117646875 0.718 0.417647059375 0.736 0.42352941250000004 0.728 0.555882353125 0.736 0.68823529375
2 0.784 0.24117647031249997 0.79 0.217647059375 0.78 0.1970588234375 0.768 0.194117646875 0.748 0.21176470625000002 0.738 0.23823529375 0.734 0.27647058750000003 0.76 0.282352940625 0.766 0.2529411765625 0.784 0.24117647031249997