3 0.3203125 0.50234375 0.25859375 0.63046875
0 0.31953125 0.37265625 0.16328125 0.34609375
3 0.64140625 0.471875 0.31171875 0.7875
0 0.5859375 0.26640625 0.18125 0.3390625
3 0.91484375 0.45625 0.1703125 0.9125
0 0.915625 0.22109375 0.16796875 0.43125
3 0.7890625 0.28984375 0.01875 0.09921875
2 0.79140625 0.25859375 0.0140625 0.03359375
3 0.7015625 0.25 0.0421875 0.07578125
2 0.7015625 0.2375 0.0234375 0.03671875
3 0.171875 0.3125 0.0375 0.1515625
2 0.16015625 0.26015625 0.028125 0.04765625
3 0.73984375 0.28203125 0.02109375 0.08984375
2 0.7421875 0.26171875 0.009375 0.03203125
3 0.75859375 0.28125 0.01875 0.08125
2 0.75859375 0.25546875 0.0109375 0.02265625