3 0.0765625 0.38046875 0.15078125 0.52578125
3 0.25546875 0.54609375 0.153125 0.86015625
3 0.38984375 0.51171875 0.11484375 0.76328125
3 0.515625 0.546875 0.12265625 0.7890625
3 0.63828125 0.56875 0.11875 0.86171875
3 0.72578125 0.50546875 0.0703125 0.72109375
3 0.79765625 0.31875 0.0625 0.2953125
3 0.89453125 0.47265625 0.1140625 0.7640625
0 0.0546875 0.18671875 0.0984375 0.1296875
0 0.28046875 0.16015625 0.09296875 0.07734375
0 0.38828125 0.1828125 0.08125 0.0890625
0 0.54140625 0.18984375 0.0796875 0.05703125
0 0.6203125 0.18046875 0.07734375 0.0703125
0 0.7453125 0.2 0.05390625 0.05234375
0 0.8046875 0.2078125 0.06015625 0.06640625
0 0.9046875 0.1515625 0.10703125 0.1078125