3 0.121875 0.52265625 0.1203125 0.525
3 0.2734375 0.55703125 0.16953125 0.67734375
3 0.459375 0.5296875 0.12421875 0.5984375
3 0.5609375 0.4828125 0.0453125 0.3140625
3 0.61484375 0.49140625 0.05546875 0.45859375
3 0.69609375 0.4921875 0.06875 0.4890625
3 0.7828125 0.52109375 0.13359375 0.6765625
2 0.12109375 0.290625 0.0453125 0.04765625
2 0.253125 0.2625 0.0984375 0.0828125
2 0.446875 0.2703125 0.059375 0.06640625
2 0.6171875 0.28359375 0.04375 0.03515625
2 0.55703125 0.33828125 0.0296875 0.01796875
2 0.69453125 0.265625 0.05 0.0359375
2 0.76328125 0.2359375 0.0640625 0.08125