3 0.91484375 0.57890625 0.1296875 0.5140625
2 0.92109375 0.40234375 0.1328125 0.1578125
3 0.85546875 0.52265625 0.0765625 0.54921875
2 0.84765625 0.3125 0.0578125 0.115625
3 0.6859375 0.53046875 0.125 0.3734375
2 0.67734375 0.41328125 0.0875 0.13203125
3 0.5578125 0.5359375 0.10234375 0.40234375
2 0.5609375 0.40625 0.07890625 0.1421875
3 0.4234375 0.6125 0.1703125 0.33359375
2 0.4109375 0.5546875 0.1078125 0.20078125
3 0.315625 0.4625 0.14140625 0.35859375
2 0.3125 0.378125 0.0828125 0.17578125
3 0.1390625 0.6203125 0.1765625 0.3046875
2 0.13046875 0.571875 0.1140625 0.1859375