3 0.87265625 0.66484375 0.06015625 0.31796875
3 0.31875 0.72890625 0.11484375 0.53828125
3 0.44921875 0.65859375 0.0953125 0.6765625
3 0.55390625 0.70703125 0.09375 0.5859375
3 0.6734375 0.69609375 0.13125 0.6015625
3 0.7875 0.6859375 0.08046875 0.42734375
0 0.3203125 0.49140625 0.06875 0.06640625
0 0.44140625 0.3546875 0.07734375 0.071875
0 0.53828125 0.4515625 0.0578125 0.0671875
0 0.63828125 0.43359375 0.06796875 0.06015625
0 0.78828125 0.4875 0.040625 0.0328125
0 0.87421875 0.51953125 0.034375 0.0375