3 0.93125 0.63984375 0.11796875 0.71953125
0 0.9171875 0.3875 0.084375 0.19765625
3 0.71171875 0.65703125 0.09296875 0.68515625
0 0.7140625 0.41953125 0.071875 0.1859375
3 0.778125 0.690625 0.05703125 0.61796875
0 0.7703125 0.459375 0.03671875 0.1234375
3 0.79140625 0.690625 0.06328125 0.61796875
0 0.80234375 0.43515625 0.05078125 0.11015625
3 0.653125 0.41015625 0.04921875 0.16328125
0 0.65390625 0.3953125 0.03359375 0.1171875
3 0.59921875 0.5359375 0.071875 0.34609375
0 0.59765625 0.44375 0.05078125 0.1546875
3 0.55078125 0.38671875 0.05390625 0.17578125
0 0.5515625 0.37265625 0.05234375 0.09140625
3 0.51484375 0.64921875 0.128125 0.67265625
0 0.49765625 0.4015625 0.084375 0.17734375
3 0.334375 0.6453125 0.09921875 0.709375
0 0.33125 0.390625 0.08203125 0.16875
3 0.2203125 0.6390625 0.08828125 0.721875
0 0.21953125 0.36875 0.075 0.15
3 0.10234375 0.66328125 0.1390625 0.66875
0 0.078125 0.4375 0.0828125 0.2015625