3 0.884375 0.684375 0.1296875 0.63046875
0 0.865625 0.46171875 0.07734375 0.1921875
3 0.97734375 0.6921875 0.04453125 0.36015625
0 0.97265625 0.54609375 0.03515625 0.0921875
3 0.7640625 0.75546875 0.09296875 0.4890625
0 0.75546875 0.57578125 0.06328125 0.134375
3 0.65390625 0.53359375 0.0765625 0.2046875
0 0.64609375 0.48203125 0.0421875 0.10234375
3 0.609375 0.71875 0.08671875 0.5578125
0 0.59375 0.525 0.0515625 0.190625
3 0.51015625 0.7375 0.0765625 0.525
0 0.51328125 0.546875 0.0578125 0.1359375
3 0.43046875 0.71015625 0.084375 0.5796875
0 0.4265625 0.50546875 0.0484375 0.1375
3 0.3671875 0.73515625 0.06328125 0.50546875
0 0.3671875 0.5453125 0.03984375 0.1109375
3 0.29140625 0.73984375 0.1046875 0.5015625
0 0.2859375 0.5703125 0.08203125 0.15859375
3 0.1984375 0.73984375 0.10703125 0.484375
0 0.1890625 0.55390625 0.05390625 0.12578125