3 0.0984375 0.6875 0.11953125 0.39296875
3 0.2328125 0.54140625 0.15625 0.3171875
3 0.40546875 0.46796875 0.09765625 0.23515625
3 0.4765625 0.72890625 0.08359375 0.4359375
3 0.5328125 0.41328125 0.11328125 0.2015625
3 0.7609375 0.40703125 0.06484375 0.246875
3 0.70546875 0.65625 0.08984375 0.390625
3 0.85625 0.6375 0.09609375 0.45390625
0 0.1140625 0.52890625 0.06015625 0.0703125
0 0.1875 0.403125 0.0484375 0.03359375
0 0.39765625 0.3875 0.06171875 0.05546875
0 0.48515625 0.53828125 0.05234375 0.0515625
0 0.50859375 0.34375 0.04296875 0.040625
0 0.7453125 0.303125 0.0296875 0.03125
0 0.71953125 0.4890625 0.04296875 0.04140625
0 0.8421875 0.43828125 0.05234375 0.04375