3 0.04765625 0.6875 0.09375 0.3671875
3 0.4609375 0.409375 0.0734375 0.2484375
3 0.640625 0.3953125 0.0390625 0.1609375
3 0.24453125 0.384375 0.0296875 0.125
3 0.29609375 0.425 0.03828125 0.0890625
3 0.275 0.3640625 0.02890625 0.08359375
3 0.17421875 0.4 0.02578125 0.07109375
3 0.2125 0.3984375 0.0265625 0.06796875
3 0.81953125 0.3453125 0.03828125 0.1703125
3 0.9515625 0.43515625 0.04140625 0.18828125
3 0.87421875 0.4203125 0.046875 0.16328125
3 0.7453125 0.40859375 0.02890625 0.0640625
3 0.71687 0.5074341312499999 0.7152160000000001 0.5363473046875 0.7041820000000001 0.537173653125 0.6766 0.5702185625 0.64681 0.6354790421875001 0.6484639999999999 0.6957814375 0.725696 0.7329550890625 0.741696 0.68256586875 0.761004 0.652826346875 0.76652 0.6106946109375 0.745004 0.56856586875 0.7655179999999999 0.5411946109375 0.7593479999999999 0.5074341312499999 0.741696 0.49256586875 0.71687 0.5074341312499999
3 0.768726 0.620607784375 0.757142 0.6726526953125 0.770382 0.7073473046875 0.8255480000000001 0.6957814375 0.826098 0.6619131734375 0.8283060000000001 0.576 0.8156180000000001 0.5594790421875 0.791896 0.556173653125 0.777242 0.5411946109375 0.758244 0.5462604796874999 0.746108 0.5735209578125 0.768726 0.620607784375
0 0.03671875 0.53046875 0.06015625 0.05078125
0 0.64453125 0.33203125 0.02109375 0.02265625
0 0.751074 0.5057814375 0.732316 0.5 0.720732 0.5074341312499999 0.719078 0.5247814375 0.751074 0.5553473046875 0.7615540000000001 0.5470868265625 0.761004 0.5231317359375 0.751074 0.5057814375
0 0.77976 0.5528682640625 0.76983 0.5454341312500001 0.75659 0.54956586875 0.74666 0.5735209578125 0.754384 0.5916946109375 0.7717240000000001 0.6196586828124999 0.7825179999999999 0.6057395203125 0.786932 0.5801287421875 0.787482 0.563607784375 0.77976 0.5528682640625
0 0.74296875 0.3953125 0.01796875 0.02265625
0 0.94375 0.353125 0.01953125 0.01953125
0 0.87109375 0.35078125 0.021875 0.01328125
0 0.8171875 0.28203125 0.01875 0.021875
0 0.29453125 0.38984375 0.01796875 0.01171875
0 0.17578125 0.3796875 0.0125 0.0078125
0 0.2125 0.37734375 0.01328125 0.01484375
2 0.27578125 0.33125 0.01640625 0.01015625
1 0.23984375 0.3328125 0.0140625 0.0140625