3 0.1421875 0.534375 0.16640625 0.5359375
0 0.1453125 0.29921875 0.08125 0.059375
3 0.3171875 0.5125 0.084375 0.4234375
0 0.31875 0.32578125 0.05546875 0.0421875
3 0.378125 0.346875 0.028125 0.0984375
0 0.37734375 0.32109375 0.0234375 0.0375
3 0.4109375 0.52734375 0.0390625 0.50390625
0 0.4171875 0.29921875 0.0421875 0.04453125
3 0.48125 0.5484375 0.08984375 0.6234375
0 0.46640625 0.2625 0.0578125 0.046875
3 0.6203125 0.5515625 0.17890625 0.69765625
0 0.5953125 0.2375 0.0890625 0.06484375
3 0.8171875 0.56953125 0.19921875 0.8234375
0 0.76953125 0.203125 0.090625 0.08359375