3 0.053125 0.62265625 0.09375 0.7546875
0 0.0578125 0.296875 0.08671875 0.0828125
3 0.1515625 0.628125 0.09296875 0.74375
2 0.15 0.353125 0.0875 0.18203125
3 0.2609375 0.63359375 0.11328125 0.7328125
0 0.25390625 0.31875 0.09765625 0.09140625
3 0.40546875 0.65 0.14609375 0.69921875
2 0.4296875 0.3890625 0.09375 0.17265625
3 0.66171875 0.68046875 0.1515625 0.6390625
0 0.67109375 0.428125 0.10625 0.1265625
3 0.81328125 0.63359375 0.14765625 0.7328125
0 0.8078125 0.33125 0.1203125 0.11875
3 0.95 0.64765625 0.09375 0.7046875
0 0.95390625 0.3546875 0.09140625 0.09140625