3 0.7875 0.78828125 0.134375 0.4234375
3 0.6609375 0.7828125 0.13984375 0.42734375
3 0.54453125 0.7890625 0.1140625 0.421875
3 0.44765625 0.778125 0.0765625 0.44375
3 0.32734375 0.79140625 0.109375 0.4171875
3 0.2078125 0.76953125 0.09765625 0.4390625
3 0.02109375 0.803125 0.0421875 0.3484375
0 0.015625 0.69140625 0.02734375 0.10078125
0 0.21328125 0.62734375 0.08515625 0.15390625
0 0.321875 0.6578125 0.075 0.13671875
0 0.4484375 0.6390625 0.05546875 0.12265625
0 0.534375 0.6546875 0.06484375 0.1296875
0 0.6515625 0.66484375 0.06953125 0.13984375
0 0.76796875 0.6578125 0.06796875 0.15