3 0.1 0.5625 0.1234375 0.73828125
0 0.09765625 0.28515625 0.10546875 0.15625
3 0.22109375 0.353125 0.09765625 0.1984375
0 0.221875 0.33515625 0.075 0.1546875
0 0.24375 0.2359375 0.0765625 0.08984375
0 0.29765625 0.19921875 0.08046875 0.0828125
3 0.4296875 0.33984375 0.11484375 0.296875
0 0.43671875 0.29921875 0.08984375 0.19453125
3 0.56875 0.62890625 0.14609375 0.7421875
0 0.55625 0.359375 0.1078125 0.203125
3 0.61015625 0.32109375 0.08515625 0.23828125
0 0.59453125 0.25078125 0.05234375 0.06328125
3 0.6921875 0.31328125 0.05 0.2015625
0 0.69375 0.26640625 0.02109375 0.10546875
3 0.77421875 0.6171875 0.109375 0.7125
0 0.7828125 0.35859375 0.09453125 0.17734375
3 0.93984375 0.58046875 0.11953125 0.7828125
0 0.946875 0.3234375 0.09375 0.21953125
3 0.234375 0.2203125 0.065625 0.12421875
3 0.29140625 0.20078125 0.07734375 0.08984375