3 0.1140625 0.5984375 0.1171875 0.528125
2 0.10703125 0.4546875 0.09140625 0.21953125
3 0.18359375 0.4640625 0.08984375 0.3171875
2 0.18984375 0.37734375 0.06171875 0.14375
3 0.25703125 0.40390625 0.078125 0.1734375
2 0.2453125 0.36796875 0.04453125 0.11171875
3 0.49609375 0.39921875 0.06875 0.18203125
2 0.48984375 0.34921875 0.0359375 0.084375
3 0.65625 0.39296875 0.0828125 0.209375
2 0.665625 0.34609375 0.0640625 0.13046875
3 0.75859375 0.453125 0.10390625 0.29296875
2 0.7421875 0.38671875 0.06953125 0.15234375
3 0.9140625 0.5875 0.15078125 0.48828125
2 0.9046875 0.44296875 0.10625 0.18359375