3 0.0984375 0.58984375 0.15078125 0.771875
2 0.1296875 0.2953125 0.08046875 0.221875
3 0.228125 0.51953125 0.11015625 0.77734375
2 0.2140625 0.2171875 0.078125 0.165625
3 0.40234375 0.4890625 0.1015625 0.578125
2 0.4328125 0.2625 0.053125 0.11328125
3 0.49296875 0.496875 0.059375 0.5734375
2 0.4921875 0.29140625 0.053125 0.14765625
3 0.5703125 0.47890625 0.08671875 0.5421875
2 0.55546875 0.271875 0.04921875 0.12265625
3 0.6796875 0.459375 0.109375 0.5125
2 0.678125 0.26640625 0.05703125 0.1203125
3 0.79296875 0.39921875 0.1125 0.46953125
2 0.79765625 0.2359375 0.05 0.11953125