3 0.29140625 0.66875 0.20703125 0.4625
2 0.27578125 0.4875 0.08828125 0.14453125
3 0.509375 0.61640625 0.1671875 0.39375
0 0.53828125 0.4578125 0.0890625 0.09921875
3 0.7015625 0.57421875 0.153125 0.42578125
0 0.73359375 0.403125 0.0890625 0.075
3 0.8578125 0.52109375 0.1484375 0.3578125
3 0.83046875 0.38359375 0.06953125 0.07421875
3 0.4390625 0.253125 0.0703125 0.23203125
0 0.4421875 0.15 0.03203125 0.0359375
3 0.31953125 0.24375 0.07734375 0.21015625
2 0.3234375 0.165625 0.03203125 0.04453125
3 0.2359375 0.26875 0.078125 0.234375
0 0.2328125 0.16953125 0.0390625 0.03203125
3 0.10703125 0.2515625 0.0890625 0.340625
0 0.096875 0.10390625 0.03984375 0.03671875