3 0.57890625 0.70859375 0.22734375 0.484375
0 0.5421875 0.5234375 0.10859375 0.1125
3 0.24375 0.734375 0.375 0.53125
2 0.38125 0.5703125 0.09375 0.16328125
3 0.19140625 0.3265625 0.08828125 0.33671875
2 0.1734375 0.1890625 0.04765625 0.06171875
3 0.309375 0.31953125 0.0921875 0.32734375
2 0.3203125 0.19140625 0.04375 0.0765625
3 0.440625 0.3078125 0.0375 0.25078125
2 0.44375 0.203125 0.02578125 0.0390625
3 0.5703125 0.29921875 0.07109375 0.31875
2 0.58046875 0.178125 0.04609375 0.08359375
3 0.665625 0.35234375 0.08203125 0.4109375
2 0.6625 0.1828125 0.05078125 0.065625
3 0.7609375 0.3921875 0.0875 0.503125
2 0.77890625 0.18125 0.04765625 0.09140625
3 0.915625 0.53828125 0.159375 0.71328125
2 0.9265625 0.24609375 0.08046875 0.128125