3 0.94453125 0.65625 0.1109375 0.6875
3 0.8609375 0.85546875 0.084375 0.2890625
0 0.865625 0.76015625 0.071875 0.0984375
0 0.978125 0.35390625 0.04375 0.08125
0 0.7546875 0.38828125 0.09140625 0.12890625
3 0.72734375 0.65859375 0.1296875 0.6828125
1 0.77265625 0.73046875 0.07421875 0.178125
1 0.95625 0.8921875 0.07578125 0.1703125
3 0.5515625 0.6015625 0.16875 0.796875
0 0.56484375 0.26640625 0.11015625 0.12890625
0 0.309375 0.3265625 0.0859375 0.0765625
3 0.2828125 0.64375 0.13359375 0.7125
3 0.15234375 0.6890625 0.0921875 0.621875
0 0.16953125 0.434375 0.084375 0.10625
3 0.0515625 0.5984375 0.103125 0.803125
0 0.034375 0.25390625 0.06875 0.1203125
1 0.1890625 0.8296875 0.06171875 0.1671875
1 0.3859375 0.7546875 0.075 0.1296875
1 0.40625 0.86796875 0.0453125 0.11796875