3 0.1921875 0.5953125 0.221875 0.80859375
3 0.70234375 0.721875 0.13671875 0.50078125
3 0.50078125 0.73671875 0.04609375 0.1609375
3 0.465625 0.75234375 0.034375 0.17578125
3 0.39765625 0.72890625 0.0390625 0.1796875
3 0.35390625 0.77890625 0.04453125 0.15
0 0.1859375 0.30390625 0.1453125 0.19453125
0 0.34453125 0.721875 0.02421875 0.04609375
0 0.3859375 0.67734375 0.025 0.04609375
0 0.46171875 0.69296875 0.01796875 0.0359375
0 0.49921875 0.7 0.0203125 0.0390625
0 0.6765625 0.5453125 0.0640625 0.11953125