3 0.8734375 0.5015625 0.07421875 0.18046875
3 0.696875 0.5078125 0.0859375 0.178125
3 0.5234375 0.4984375 0.10390625 0.1625
3 0.3796875 0.5046875 0.1234375 0.1890625
3 0.22421875 0.546875 0.0625 0.175
3 0.10859375 0.5328125 0.07421875 0.13984375
3 0.021875 0.53984375 0.04375 0.146875
3 0.06953125 0.80703125 0.13203125 0.38515625
3 0.3390625 0.77265625 0.13046875 0.421875
3 0.86015625 0.8015625 0.1796875 0.396875
2 0.8515625 0.71640625 0.1140625 0.228125
2 0.33515625 0.65625 0.10859375 0.17109375
2 0.06796875 0.73046875 0.11640625 0.203125
2 0.009375 0.50234375 0.01875 0.065625
2 0.10390625 0.51484375 0.02734375 0.07578125
2 0.21796875 0.50546875 0.0390625 0.0671875
2 0.3703125 0.48515625 0.04921875 0.11484375
2 0.52265625 0.49296875 0.05546875 0.109375
2 0.6953125 0.4765625 0.05390625 0.08828125
2 0.86796875 0.478125 0.03984375 0.10390625