3 0.17265625 0.47421875 0.19921875 0.70234375
2 0.22890625 0.2046875 0.0828125 0.1640625
3 0.33359375 0.55625 0.1125 0.60703125
0 0.35 0.2984375 0.06171875 0.07265625
3 0.45390625 0.58125 0.10859375 0.53359375
0 0.48046875 0.3703125 0.05546875 0.0984375
3 0.53671875 0.640625 0.04765625 0.52578125
0 0.5296875 0.41640625 0.03125 0.06015625
3 0.62890625 0.68203125 0.0984375 0.50234375
0 0.65078125 0.475 0.05625 0.08359375
3 0.7125 0.71953125 0.0609375 0.4703125
0 0.7015625 0.5125 0.03671875 0.0484375
3 0.78515625 0.75625 0.06796875 0.4625
0 0.7859375 0.56328125 0.05859375 0.06484375
3 0.86796875 0.78359375 0.08125 0.37421875
0 0.8578125 0.6328125 0.046875 0.05546875