3 0.0609375 0.26953125 0.1171875 0.4265625
0 0.04375 0.1171875 0.075 0.14765625
3 0.32421875 0.184375 0.13046875 0.2421875
2 0.3203125 0.1515625 0.090625 0.1421875
3 0.20390625 0.7015625 0.17265625 0.596875
2 0.2 0.5203125 0.1265625 0.240625
3 0.371875 0.50703125 0.12265625 0.42109375
2 0.37734375 0.3640625 0.1078125 0.13125
3 0.56015625 0.590625 0.1265625 0.696875
0 0.55625 0.36171875 0.1171875 0.20703125
3 0.71015625 0.67265625 0.1828125 0.62265625
0 0.7125 0.503125 0.1515625 0.2984375
3 0.85 0.471875 0.07890625 0.16484375
0 0.84375 0.45234375 0.04609375 0.11953125
3 0.94453125 0.4515625 0.09453125 0.47578125
0 0.95859375 0.3171875 0.06484375 0.203125
0 0.9421875 0.03515625 0.03671875 0.0703125
3 0.9859375 0.5 0.02734375 1