3 0.07578125 0.409375 0.09921875 0.1703125
0 0.0640625 0.3453125 0.04140625 0.034375
3 0.91484375 0.4265625 0.07890625 0.19921875
0 0.9234375 0.35546875 0.03828125 0.03984375
3 0.6515625 0.89609375 0.04921875 0.19765625
0 0.65390625 0.8234375 0.0359375 0.04375
3 0.54140625 0.8703125 0.084375 0.175
0 0.5125 0.79296875 0.01875 0.025
3 0.509375 0.709375 0.08515625 0.1234375
0 0.52578125 0.66875 0.02421875 0.02578125
3 0.5140625 0.440625 0.03203125 0.10078125
0 0.51328125 0.390625 0.0109375 0.01953125