3 0.83984375 0.4984375 0.1 0.43828125
0 0.83203125 0.303125 0.046875 0.05078125
3 0.61875 0.515625 0.19296875 0.47421875
0 0.5546875 0.33046875 0.0546875 0.0796875
3 0.4359375 0.5921875 0.121875 0.221875
0 0.4765625 0.5078125 0.0390625 0.05234375
3 0.0578125 0.590625 0.0484375 0.18125
0 0.0578125 0.51796875 0.021875 0.03359375
3 0.2734375 0.553125 0.01484375 0.053125
0 0.2734375 0.53203125 0.00703125 0.009375
3 0.2 0.55625 0.01796875 0.06328125
0 0.19765625 0.52890625 0.009375 0.0078125
3 0.09296875 0.5828125 0.02265625 0.078125
0 0.08984375 0.55 0.01015625 0.015625