3 0.29140625 0.4203125 0.05234375 0.35390625
0 0.30078125 0.27265625 0.0296875 0.04765625
3 0.35 0.446875 0.05703125 0.40859375
0 0.340625 0.26484375 0.0328125 0.0328125
3 0.396875 0.3015625 0.02890625 0.115625
0 0.40078125 0.26796875 0.02265625 0.04140625
3 0.44453125 0.4828125 0.05390625 0.47265625
0 0.43515625 0.26796875 0.0375 0.03359375
3 0.49375 0.29765625 0.03125 0.1359375
0 0.4984375 0.25234375 0.0359375 0.03671875
3 0.53046875 0.36484375 0.02265625 0.1890625
2 0.53125 0.29375 0.02109375 0.03828125
3 0.57421875 0.48203125 0.06484375 0.4984375
0 0.5671875 0.25234375 0.0484375 0.03046875
3 0.6546875 0.48125 0.09609375 0.45234375
2 0.62890625 0.29765625 0.03125 0.06875