3 0.04453125 0.54765625 0.0890625 0.9046875
0 0.046875 0.1453125 0.08046875 0.08828125
3 0.14296875 0.5078125 0.1 0.7484375
0 0.12578125 0.17109375 0.065625 0.06796875
3 0.2484375 0.5109375 0.103125 0.603125
0 0.25625 0.24296875 0.0625 0.06796875
3 0.340625 0.4734375 0.0625 0.43828125
0 0.34765625 0.27890625 0.0421875 0.0375
3 0.41171875 0.49140625 0.0671875 0.5015625
0 0.4234375 0.26328125 0.0421875 0.04375
3 0.465625 0.48046875 0.03828125 0.284375
0 0.459375 0.35703125 0.02265625 0.02734375
3 0.534375 0.478125 0.08984375 0.53046875
0 0.525 0.24140625 0.05078125 0.04765625
3 0.83671875 0.584375 0.14140625 0.775
0 0.8140625 0.240625 0.07890625 0.06953125