3 0.3484375 0.44140625 0.08828125 0.15859375
3 0.06999999999999999 0.6729222515625 0.062 0.7774798921875 0.068 0.7828418234375001 0.06999999999999999 0.8659517421875 0.08199999999999999 0.9383378015625 0.078 0.997319034375 0.20600000000000002 0.997319034375 0.20600000000000002 0.8847184984375 0.22200000000000003 0.7587131375 0.198 0.6353887406250001 0.21200000000000002 0.5040214484375001 0.196 0.45040214531249995 0.21400000000000002 0.407506703125 0.21000000000000002 0.34852546875 0.184 0.3243967828125 0.142 0.33243967812499997 0.126 0.3753351203125 0.126 0.42359249375 0.08399999999999999 0.47453083124999995 0.074 0.47453083124999995 0.06999999999999999 0.48793565625 0.074 0.5924932968750001 0.06 0.632707775 0.06 0.6648793562499999 0.06999999999999999 0.6729222515625
2 0.16999999999999998 0.4128686328125 0.194 0.3753351203125 0.21400000000000002 0.3806970515625 0.21600000000000003 0.3592493296875 0.2 0.33512064375 0.16 0.3217158171875 0.136 0.33512064375 0.126 0.369973190625 0.124 0.4101876671875 0.132 0.42359249375 0.13999999999999999 0.40482573750000006 0.16999999999999998 0.4128686328125
3 0.21200000000000002 0.51206434375 0.202 0.6380697046875 0.21600000000000003 0.7104557640625 0.22599999999999998 0.7319034859375 0.24 0.7319034859375 0.256 0.616621984375 0.296 0.477211796875 0.286 0.45308310937499996 0.252 0.42627345781250003 0.238 0.3592493296875 0.21200000000000002 0.3404825734375 0.21800000000000003 0.35388739999999996 0.21600000000000003 0.420911528125 0.2 0.455764075 0.21200000000000002 0.51206434375
2 0.24 0.35656836406250003 0.22599999999999998 0.3404825734375 0.20800000000000002 0.3378016078125 0.21800000000000003 0.4128686328125 0.244 0.42895442343749995 0.25 0.40482573750000006 0.24 0.35656836406250003
3 0.294 0.611260053125 0.29 0.6461126 0.3 0.65147453125 0.304 0.7640750671875 0.29 0.7935656843750001 0.40800000000000003 0.9383378015625 0.41600000000000004 0.9383378015625 0.418 0.8525469171875001 0.40599999999999997 0.7265415546875 0.45 0.48793565625 0.45 0.45040214531249995 0.43 0.42359249375 0.392 0.420911528125 0.38 0.4316353890625 0.364 0.4798927609375 0.308 0.51206434375 0.298 0.5361930296875 0.304 0.565683646875 0.298 0.5898123328125 0.306 0.6058981234374999 0.294 0.611260053125
2 0.446 0.4959785515625 0.454 0.47453083124999995 0.44800000000000006 0.434316353125 0.42400000000000004 0.41823056249999996 0.388 0.420911528125 0.372 0.455764075 0.368 0.47453083124999995 0.398 0.477211796875 0.42400000000000004 0.5013404828125 0.446 0.4959785515625
2 0.368 0.39142091093750003 0.388 0.39142091093750003 0.39 0.407506703125 0.396 0.407506703125 0.394 0.364611259375 0.354 0.3619302953125 0.33599999999999997 0.3806970515625 0.33799999999999997 0.420911528125 0.346 0.42359249375 0.354 0.39946380625 0.368 0.39142091093750003
3 0.48 0.44235925 0.48 0.41823056249999996 0.46399999999999997 0.40214477187500003 0.48600000000000004 0.35656836406250003 0.47800000000000004 0.319034853125 0.466 0.3109919578125 0.442 0.3163538875 0.42800000000000005 0.37265415625 0.40599999999999997 0.39678284218750004 0.40599999999999997 0.4101876671875 0.438 0.42359249375 0.45599999999999996 0.45040214531249995 0.48 0.44235925
2 0.48 0.3217158171875 0.466 0.3109919578125 0.446 0.313672921875 0.43200000000000005 0.34316353906249997 0.43200000000000005 0.3780160859375 0.45999999999999996 0.39142091093750003 0.48600000000000004 0.3592493296875 0.48 0.3217158171875
3 0.51 0.6836461125 0.55 0.6863270781249999 0.554 0.632707775 0.548 0.597855228125 0.568 0.565683646875 0.5860000000000001 0.5817694375 0.5900000000000001 0.544235925 0.584 0.5040214484375001 0.576 0.4691689015625 0.544 0.4477211796875 0.538 0.4316353890625 0.544 0.38605898125000004 0.532 0.3619302953125 0.504 0.3592493296875 0.488 0.3806970515625 0.46399999999999997 0.5308310984375 0.47800000000000004 0.6058981234374999 0.472 0.6568364609375 0.51 0.6836461125
2 0.546 0.39142091093750003 0.536 0.364611259375 0.508 0.35656836406250003 0.488 0.3780160859375 0.488 0.41554959843750006 0.532 0.4316353890625 0.54 0.42627345781250003 0.546 0.39142091093750003
3 0.63 0.4450402140625 0.612 0.39946380625 0.628 0.34852546875 0.626 0.33243967812499997 0.606 0.319034853125 0.5860000000000001 0.3270777484375 0.5780000000000001 0.39142091093750003 0.558 0.42895442343749995 0.5559999999999999 0.44235925 0.584 0.48793565625 0.6 0.5522788203125 0.63 0.4450402140625
2 0.626 0.33243967812499997 0.61 0.319034853125 0.596 0.319034853125 0.5820000000000001 0.33512064375 0.584 0.369973190625 0.616 0.369973190625 0.63 0.34852546875 0.626 0.33243967812499997
3 0.654 0.6085790890625 0.628 0.6541554953125 0.636 0.6836461125 0.646 0.6836461125 0.654 0.7077747984375 0.6559999999999999 0.7989276140625 0.6559999999999999 0.8579088468749999 0.634 0.8873994640625 0.634 0.9946380703125 0.778 0.997319034375 0.768 0.932975871875 0.77 0.8793565687499999 0.79 0.769436996875 0.786 0.7238605890625001 0.79 0.7077747984375 0.82 0.6970509390624999 0.8619999999999999 0.6568364609375 0.8720000000000001 0.6032171578125001 0.8240000000000001 0.4986595171875 0.742 0.41554959843750006 0.732 0.39142091093750003 0.732 0.35388739999999996 0.708 0.313672921875 0.6639999999999999 0.3163538875 0.638 0.34852546875 0.65 0.44235925 0.6719999999999999 0.477211796875 0.658 0.5388739953125 0.654 0.6085790890625
2 0.72 0.44235925 0.744 0.420911528125 0.732 0.351206434375 0.712 0.3163538875 0.686 0.3083109921875 0.662 0.3163538875 0.644 0.33512064375 0.636 0.34852546875 0.642 0.40214477187500003 0.658 0.4316353890625 0.72 0.44235925
3 0.614 0.6246648796875001 0.622 0.6407506703125 0.6519999999999999 0.6058981234374999 0.6559999999999999 0.5361930296875 0.67 0.47453083124999995 0.638 0.45040214531249995 0.61 0.4932975875 0.606 0.544235925 0.628 0.5871313671875 0.628 0.6058981234374999 0.614 0.6246648796875001
3 0.638 0.3619302953125 0.624 0.3619302953125 0.618 0.40214477187500003 0.638 0.44235925 0.644 0.4316353890625 0.638 0.3619302953125
2 0.64 0.3458445046875 0.63 0.34852546875 0.618 0.37265415625 0.614 0.39946380625 0.632 0.42359249375 0.64 0.3941018765625 0.64 0.3458445046875