3 0.32421875 0.559375 0.0671875 0.62578125
3 0.40546875 0.60234375 0.06328125 0.77578125
3 0.51875 0.61171875 0.08125 0.7765625
3 0.60625 0.60859375 0.0734375 0.70390625
3 0.728125 0.5984375 0.10390625 0.77890625
3 0.81875 0.3296875 0.0625 0.2484375
3 0.91484375 0.57421875 0.10703125 0.8484375
0 0.33671875 0.30390625 0.0609375 0.1375
0 0.41015625 0.3015625 0.05625 0.171875
0 0.5265625 0.3203125 0.0828125 0.171875
0 0.60234375 0.33515625 0.05859375 0.153125
0 0.7421875 0.27578125 0.06484375 0.15625
0 0.81953125 0.2796875 0.040625 0.1375
0 0.91796875 0.28046875 0.10546875 0.196875