3 0.16484375 0.6578125 0.1171875 0.67109375
3 0.3671875 0.70703125 0.16015625 0.58515625
3 0.52890625 0.55390625 0.10390625 0.38984375
3 0.5953125 0.4625 0.05390625 0.28984375
3 0.7359375 0.659375 0.21171875 0.68125
3 0.3484375 0.44140625 0.08828125 0.15859375
3 0.45234375 0.3859375 0.0859375 0.16328125
3 0.24921875 0.52890625 0.08828125 0.3921875
2 0.16796875 0.384375 0.09296875 0.11171875
2 0.23828125 0.38046875 0.06796875 0.09296875
2 0.36640625 0.39453125 0.07265625 0.0625
2 0.41875 0.459375 0.09375 0.08046875
2 0.45703125 0.346875 0.0671875 0.08125
2 0.5203125 0.3953125 0.05859375 0.075
2 0.60625 0.3453125 0.05703125 0.0546875
2 0.696875 0.3765625 0.11875 0.11484375