3 0.1125 0.64765625 0.0984375 0.221875
0 0.0765625 0.5609375 0.02421875 0.0421875
3 0.24375 0.8359375 0.0765625 0.2609375
0 0.22890625 0.71875 0.02421875 0.02734375
3 0.37890625 0.8140625 0.0859375 0.22578125
0 0.3765625 0.721875 0.0296875 0.0375
3 0.54375 0.53046875 0.04296875 0.1578125
0 0.53203125 0.465625 0.01953125 0.028125
3 0.5921875 0.69375 0.02890625 0.159375
0 0.59375 0.628125 0.02265625 0.0265625
3 0.62734375 0.6734375 0.025 0.15390625
0 0.63046875 0.60859375 0.0171875 0.01640625
3 0.65 0.6515625 0.0203125 0.146875
0 0.6484375 0.5890625 0.015625 0.01953125
3 0.66796875 0.60546875 0.02109375 0.11953125
0 0.67109375 0.55078125 0.01484375 0.01484375
3 0.69296875 0.55703125 0.021875 0.09765625
0 0.6921875 0.51640625 0.0109375 0.01328125