3 0.16999999999999998 0.63554216875 0.16799999999999998 0.692771084375 0.196 0.7048192765625 0.198 0.6385542171874999 0.182 0.61445783125 0.176 0.515060240625 0.182 0.4457831328125 0.144 0.40662650625 0.13799999999999998 0.4367469875 0.148 0.457831325 0.15 0.557228915625 0.16999999999999998 0.63554216875
0 0.158 0.4096385546875 0.142 0.40662650625 0.136 0.41566264999999997 0.13999999999999999 0.442771084375 0.16799999999999998 0.4367469875 0.158 0.4096385546875
3 0.178 0.47891566250000006 0.178 0.527108434375 0.186 0.620481928125 0.20400000000000001 0.6566265062500001 0.20800000000000002 0.8012048187499999 0.21800000000000003 0.828313253125 0.23199999999999998 0.8253012046875 0.238 0.8102409640625 0.268 0.8253012046875 0.264 0.61445783125 0.27799999999999997 0.599397590625 0.27 0.44879518125000006 0.26 0.42771084375 0.24 0.41867469843749994 0.236 0.3674698796875 0.22400000000000003 0.3463855421875 0.20600000000000002 0.34337349375000004 0.194 0.36445783125000003 0.194 0.39156626562499997 0.20600000000000002 0.4246987953125 0.188 0.4367469875 0.178 0.47891566250000006
0 0.236 0.3765060234375 0.24 0.35843373437500003 0.26 0.3614457828125 0.21000000000000002 0.3403614453125 0.188 0.34939759062500003 0.196 0.39156626562499997 0.21600000000000003 0.37048192812499997 0.236 0.3765060234375
3 0.322 0.88554216875 0.33799999999999997 0.8885542171875 0.348 0.8554216875 0.386 0.8825301203125001 0.398 0.879518071875 0.392 0.6596385546875 0.41200000000000003 0.6325301203125 0.4 0.5120481921875 0.384 0.44879518125000006 0.358 0.4096385546875 0.358 0.37048192812499997 0.348 0.3524096390625 0.324 0.3463855421875 0.316 0.35843373437500003 0.312 0.38554216874999997 0.322 0.4367469875 0.296 0.47891566250000006 0.292 0.5813253015625001 0.298 0.6596385546875 0.314 0.6807228921874999 0.322 0.88554216875
0 0.344 0.3463855421875 0.32799999999999996 0.34337349375000004 0.314 0.35843373437500003 0.314 0.40060240937499997 0.34199999999999997 0.3674698796875 0.362 0.3825301203125 0.344 0.3463855421875
3 0.43600000000000005 0.8554216875 0.45199999999999996 0.8554216875 0.462 0.83433735 0.52 0.8524096390624999 0.524 0.84337349375 0.5 0.76462951875 0.5 0.5481927703125 0.512 0.5240963859375001 0.512 0.48795180781249997 0.506 0.44879518125000006 0.488 0.42771084375 0.484 0.3674698796875 0.472 0.34337349375000004 0.446 0.34939759062500003 0.442 0.39156626562499997 0.44800000000000006 0.41566264999999997 0.42400000000000004 0.4367469875 0.414 0.46385542187500006 0.41200000000000003 0.5210843374999999 0.42800000000000005 0.5753012046875 0.43600000000000005 0.6716867468750001 0.43600000000000005 0.8554216875
0 0.472 0.3403614453125 0.45999999999999996 0.337349396875 0.442 0.35542168749999997 0.442 0.39156626562499997 0.462 0.3674698796875 0.488 0.37951807187500003 0.472 0.3403614453125
3 0.678 0.8524096390624999 0.6599999999999999 0.891566265625 0.708 0.8765060234375 0.708 0.8554216875 0.726 0.8373493968749999 0.744 0.9036144578125 0.768 0.9126506031250001 0.754 0.6497409640625 0.76 0.5903614453125 0.8039999999999999 0.48795180781249997 0.8039999999999999 0.472891565625 0.762 0.4096385546875 0.724 0.39156626562499997 0.73 0.33433735000000003 0.712 0.2951807234375 0.6940000000000001 0.2951807234375 0.6839999999999999 0.3102409640625 0.678 0.34337349375000004 0.686 0.40060240937499997 0.662 0.4246987953125 0.646 0.46987951875 0.646 0.5060240968749999 0.666 0.5813253015625001 0.678 0.75 0.678 0.8524096390624999
0 0.742 0.32831325312500004 0.744 0.2981927703125 0.702 0.292168675 0.6900000000000001 0.2981927703125 0.6799999999999999 0.32228915625 0.6799999999999999 0.3463855421875 0.6980000000000001 0.32831325312500004 0.73 0.34337349375000004 0.742 0.32831325312500004
3 0.844 0.5963855421875001 0.852 0.84337349375 0.8640000000000001 0.8524096390624999 0.876 0.8222891562499999 0.8880000000000001 0.8192771078125001 0.8960000000000001 0.84337349375 0.9099999999999999 0.8524096390624999 0.9179999999999999 0.8403614453125 0.9119999999999999 0.734939759375 0.9279999999999999 0.587349396875 0.9199999999999999 0.4909638546875 0.932 0.442771084375 0.9039999999999999 0.421686746875 0.9179999999999999 0.38554216874999997 0.916 0.35542168749999997 0.906 0.3403614453125 0.8880000000000001 0.3403614453125 0.8699999999999999 0.36445783125000003 0.8720000000000001 0.4246987953125 0.85 0.4367469875 0.8380000000000001 0.472891565625 0.836 0.527108434375 0.8480000000000001 0.5331325296875 0.8539999999999999 0.557228915625 0.844 0.5963855421875001
0 0.9199999999999999 0.3674698796875 0.908 0.3403614453125 0.892 0.337349396875 0.8779999999999999 0.34939759062500003 0.8699999999999999 0.36445783125000003 0.874 0.39156626562499997 0.9179999999999999 0.3885542171875 0.9199999999999999 0.3674698796875
3 0.9480000000000001 0.53012048125 0.9380000000000001 0.6445783125 0.944 0.722891565625 0.9400000000000001 0.8825301203125001 0.924 0.9036144578125 0.9480000000000001 0.9096385546875 0.968 0.900602409375 0.97 0.8825301203125001 0.9880000000000001 0.879518071875 0.9960000000000001 0.90662650625 0.9880000000000001 0.9427710843750001 0.998 0.9487951812500001 0.998 0.286144578125 0.978 0.292168675 0.96 0.32831325312500004 0.9720000000000001 0.3825301203125 0.942 0.4307228921875 0.9460000000000001 0.48795180781249997 0.958 0.49397590312500006 0.962 0.5180722890625 0.9480000000000001 0.53012048125
0 0.998 0.286144578125 0.9800000000000001 0.28915662656249996 0.97 0.30421686718749996 0.958 0.3313253015625 0.962 0.3403614453125 0.998 0.3313253015625 0.998 0.286144578125