3 0.03046875 0.58828125 0.06015625 0.56953125
0 0.0296875 0.32890625 0.05234375 0.04453125
3 0.08828125 0.57421875 0.04765625 0.4640625
0 0.078125 0.37578125 0.028125 0.0359375
3 0.14609375 0.53359375 0.06171875 0.36015625
0 0.13828125 0.378125 0.03671875 0.040625
3 0.28125 0.5890625 0.0796875 0.52265625
0 0.29453125 0.35703125 0.0484375 0.05546875
3 0.35078125 0.58671875 0.06015625 0.5109375
0 0.3390625 0.35546875 0.03515625 0.04609375
3 0.42578125 0.50546875 0.08203125 0.3453125
2 0.43984375 0.36171875 0.040625 0.05
3 0.5984375 0.4953125 0.06171875 0.3
0 0.59453125 0.3671875 0.0359375 0.03828125
3 0.6734375 0.49453125 0.07265625 0.33984375
0 0.6671875 0.3453125 0.03984375 0.034375
3 0.7734375 0.4984375 0.07734375 0.3625
0 0.76640625 0.33984375 0.053125 0.03515625
3 0.8703125 0.56484375 0.07734375 0.4875
0 0.86875 0.3484375 0.0515625 0.05
3 0.96328125 0.53359375 0.06328125 0.41796875
0 0.9734375 0.34140625 0.0484375 0.0390625