0 0.8460000000000001 0.533519553125 0.828 0.5474860328125 0.826 0.5726256984375 0.844 0.5949720671875001 0.852 0.5502793296874999 0.8460000000000001 0.533519553125
0 0.18 0.48882681562499997 0.16 0.47765363125000004 0.15 0.4916201125 0.15 0.533519553125 0.178 0.5391061453125 0.186 0.519553071875 0.18 0.48882681562499997
0 0.192 0.466480446875 0.172 0.46927374374999997 0.186 0.5167597765624999 0.198 0.5027932953125 0.198 0.4748603359375 0.192 0.466480446875
3 0.098 0.6256983234375 0.092 0.667597765625 0.126 0.65642458125 0.16399999999999998 0.6731843578125 0.146 0.4944134078125 0.158 0.466480446875 0.16799999999999998 0.46368715156249996 0.16599999999999998 0.43296089374999996 0.146 0.34078212343750003 0.124 0.310055865625 0.10600000000000001 0.256983240625 0.088 0.25418994375000004 0.08 0.265363128125 0.08 0.31843575468749996 0.062 0.34357541875000003 0.05600000000000001 0.4050279328125 0.05600000000000001 0.4916201125 0.068 0.48882681562499997 0.09 0.5391061453125 0.098 0.6256983234375
3 0.892 0.7290502796875 0.906 0.712290503125 0.922 0.6033519546874999 0.944 0.555865921875 0.9560000000000001 0.4944134078125 0.954 0.42178770937500004 0.9279999999999999 0.3743016765625 0.924 0.3296089390625 0.9 0.324022346875 0.892 0.332402234375 0.884 0.39106145312499996 0.868 0.4162011171875 0.8460000000000001 0.5167597765624999 0.8539999999999999 0.56703910625 0.8300000000000001 0.7178770953125 0.8800000000000001 0.712290503125 0.892 0.7290502796875
3 0.8460000000000001 0.6033519546874999 0.8240000000000001 0.5810055859375 0.8240000000000001 0.555865921875 0.844 0.5279329609375 0.8720000000000001 0.39944134062500003 0.8880000000000001 0.3826815640625 0.8859999999999999 0.34078212343750003 0.8720000000000001 0.31843575468749996 0.866 0.2821229046875 0.8460000000000001 0.29050279375 0.844 0.3156424578125 0.818 0.3519553078125 0.8119999999999999 0.4162011171875 0.8099999999999999 0.4720670390625 0.828 0.631284915625 0.8400000000000001 0.645251396875 0.8460000000000001 0.6033519546874999
3 0.562 0.8854748609374999 0.55 0.9497206703125001 0.562 0.9553072625000001 0.592 0.93296089375 0.606 0.8854748609374999 0.618 0.8743016765625 0.644 0.6871508375000001 0.6639999999999999 0.6620111734374999 0.674 0.667597765625 0.688 0.6536312843750001 0.6839999999999999 0.46368715156249996 0.67 0.4162011171875 0.628 0.3659217875 0.634 0.332402234375 0.618 0.29888268125 0.584 0.29888268125 0.572 0.3491620109375 0.576 0.3854748609375 0.548 0.4078212296875 0.518 0.5391061453125 0.516 0.62011173125 0.544 0.6508379890625 0.5559999999999999 0.743016759375 0.562 0.8854748609374999
3 0.718 0.7206703906249999 0.724 0.712290503125 0.738 0.7234636875 0.738 0.734636871875 0.75 0.734636871875 0.76 0.7150837984375 0.76 0.689944134375 0.74 0.6173184359375 0.752 0.4162011171875 0.744 0.332402234375 0.736 0.3156424578125 0.716 0.3128491625 0.708 0.32681564218750003 0.692 0.446927375 0.6940000000000001 0.6061452515625 0.704 0.689944134375 0.6839999999999999 0.7178770953125 0.718 0.7206703906249999
0 0.08399999999999999 0.52234636875 0.08399999999999999 0.4944134078125 0.074 0.48324022343750006 0.06 0.4916201125 0.066 0.5167597765624999 0.06 0.53072625625 0.08399999999999999 0.52234636875
0 0.062 0.48603352031249997 0.034 0.5 0.026000000000000002 0.5139664796875001 0.038 0.53072625625 0.064 0.53072625625 0.062 0.48603352031249997
3 0.348 0.87988826875 0.346 0.9301675984375001 0.33599999999999997 0.9608938546875001 0.348 0.96927374375 0.386 0.9189944140625 0.376 0.8463687156249999 0.378 0.7234636875 0.40599999999999997 0.734636871875 0.438 0.8743016765625 0.45199999999999996 0.8938547484375 0.462 0.88826815625 0.454 0.8351955312499999 0.45999999999999996 0.7849162015625 0.45 0.6731843578125 0.45999999999999996 0.6368715078125 0.472 0.6340782125 0.48 0.6145251390625 0.47800000000000004 0.48882681562499997 0.45 0.36033519531249997 0.40800000000000003 0.3491620109375 0.404 0.2625698328125 0.388 0.2402234640625 0.352 0.25418994375000004 0.346 0.2821229046875 0.358 0.3491620109375 0.32799999999999996 0.368715084375 0.312 0.3966480453125 0.298 0.5279329609375 0.298 0.6284916203125 0.33399999999999996 0.7011173187499999 0.348 0.87988826875
3 0.466 0.7765363125 0.49000000000000005 0.7765363125 0.49400000000000005 0.7541899437499999 0.522 0.7597765359374999 0.522 0.7765363125 0.534 0.7793296093750001 0.55 0.7402234640625001 0.544 0.6815642453125 0.54 0.65642458125 0.512 0.62011173125 0.512 0.589385475 0.532 0.45810055937499994 0.546 0.4078212296875 0.568 0.3854748609375 0.568 0.3659217875 0.5559999999999999 0.34357541875000003 0.526 0.32122905 0.526 0.29050279375 0.49400000000000005 0.279329609375 0.48 0.301675978125 0.48600000000000004 0.3379888265625 0.476 0.36033519531249997 0.472 0.4078212296875 0.484 0.6145251390625 0.466 0.6424581 0.45999999999999996 0.7625698328125 0.466 0.7765363125
3 0.5900000000000001 0.2625698328125 0.572 0.256983240625 0.5599999999999999 0.27094972031250003 0.544 0.3296089390625 0.564 0.3491620109375 0.5900000000000001 0.28770949687499997 0.5900000000000001 0.2625698328125
3 0.44000000000000006 0.27094972031250003 0.43 0.2597765359375 0.41200000000000003 0.27094972031250003 0.41600000000000004 0.34357541875000003 0.43200000000000005 0.354748603125 0.45199999999999996 0.3491620109375 0.44000000000000006 0.27094972031250003
3 0.354 0.34357541875000003 0.32999999999999996 0.2597765359375 0.316 0.256983240625 0.304 0.26815642500000003 0.29500000000000004 0.32541899375 0.27799999999999997 0.3519553078125 0.27 0.46368715156249996 0.268 0.5167597765624999 0.294 0.5363128484375 0.312 0.3854748609375 0.354 0.34357541875000003
2 0.10400000000000001 0.25418994375000004 0.09 0.2513966484375 0.08 0.2625698328125 0.08 0.2849162015625 0.09 0.26815642500000003 0.11200000000000002 0.2737430171875 0.10400000000000001 0.25418994375000004
2 0.38 0.2625698328125 0.394 0.2597765359375 0.40800000000000003 0.2737430171875 0.384 0.2374301671875 0.348 0.2597765359375 0.346 0.28770949687499997 0.356 0.31843575468749996 0.37 0.301675978125 0.38 0.2625698328125
2 0.74 0.31843575468749996 0.716 0.3128491625 0.708 0.32681564218750003 0.706 0.3631284921875 0.716 0.3854748609375 0.744 0.3854748609375 0.74 0.31843575468749996
2 0.906 0.32122905 0.89 0.3296089390625 0.89 0.3575419 0.9279999999999999 0.36033519531249997 0.924 0.32681564218750003 0.906 0.32122905
2 0.8460000000000001 0.2849162015625 0.844 0.3072625703125 0.876 0.2960893859375 0.866 0.279329609375 0.8460000000000001 0.2849162015625
2 0.634 0.3296089390625 0.622 0.301675978125 0.606 0.29050279375 0.5820000000000001 0.2932960890625 0.58 0.3128491625 0.604 0.346368715625 0.63 0.3519553078125 0.634 0.3296089390625
2 0.5900000000000001 0.2737430171875 0.584 0.256983240625 0.5599999999999999 0.26815642500000003 0.562 0.2932960890625 0.5700000000000001 0.2849162015625 0.58 0.29050279375 0.5900000000000001 0.2737430171875
2 0.532 0.301675978125 0.524 0.28770949687499997 0.49800000000000005 0.2765363125 0.48200000000000004 0.2932960890625 0.48200000000000004 0.3128491625 0.504 0.3128491625 0.524 0.32681564218750003 0.532 0.301675978125
2 0.41200000000000003 0.26815642500000003 0.414 0.29888268125 0.44000000000000006 0.29050279375 0.43600000000000005 0.2625698328125 0.41200000000000003 0.26815642500000003
2 0.33799999999999997 0.27094972031250003 0.32799999999999996 0.256983240625 0.314 0.256983240625 0.302 0.27094972031250003 0.304 0.29888268125 0.312 0.2737430171875 0.33799999999999997 0.2960893859375 0.33799999999999997 0.27094972031250003