3 0.330255 0.5934533328125 0.34500000000000003 0.6966666671875 0.3625 0.78 0.355 0.8733333328124999 0.335 0.9633333328125 0.33999999999999997 0.9966666671875 0.43499999999999994 0.9966666671875 0.4175 0.8033333328125 0.43499999999999994 0.7433333328125 0.45499999999999996 0.5766666671875 0.45 0.33999999999999997 0.42750000000000005 0.29333333281249996 0.447115 0.25506 0.4375 0.19 0.44749999999999995 0.1833333328125 0.4325 0.1366666671875 0.40750000000000003 0.11333333281249999 0.38 0.13 0.3725 0.17333333281250002 0.3775 0.24 0.3665 0.27923 0.3225 0.33999999999999997 0.29500000000000004 0.5566666671875 0.2975 0.6933333328125 0.3125 0.7133333328125 0.32463000000000003 0.6918066671875 0.330255 0.5934533328125
3 0.515 0.5966666671875 0.5225 0.6533333328125 0.52 0.8300000000000001 0.5275000000000001 0.8766666671875001 0.5425 0.8800000000000001 0.5625 0.8400000000000001 0.55 0.7866666671875 0.5599999999999999 0.6333333328124999 0.57991 0.5359466671875001 0.57866 0.47009999999999996 0.5892850000000001 0.5126066671875 0.5917825 0.5601166671875 0.605 0.5333333328125 0.5974999999999999 0.39 0.5875 0.3266666671875 0.5700000000000001 0.2866666671875 0.5736600000000001 0.2800666671875 0.57991 0.25672666718750004 0.5700000000000001 0.2033333328125 0.5575 0.19 0.5375 0.1966666671875 0.53054 0.22839 0.5325 0.27999999999999997 0.5 0.3166666671875 0.48250000000000004 0.43666666718749997 0.48 0.5566666671875 0.4861725 0.5792866671875 0.49929500000000004 0.46593333281250005 0.515 0.5966666671875
3 0.64 0.7466666671875 0.665 0.76 0.6849999999999999 0.7933333328125001 0.6975 0.7933333328125001 0.71 0.7733333328125 0.6975 0.7633333328125 0.6849999999999999 0.61 0.70021 0.5451133328125 0.7064600000000001 0.4617633328125 0.7327049999999999 0.5451133328125 0.741455 0.5217733328125 0.735 0.5033333328125 0.707085 0.35174333281250003 0.70271 0.34674333281249997 0.6950000000000001 0.2833333328125 0.6849999999999999 0.2666666671875 0.6675 0.27 0.6625 0.2833333328125 0.665 0.32 0.635 0.3866666671875 0.625 0.48666666718749996 0.6224999999999999 0.5533333328125 0.655 0.5900000000000001 0.6575 0.61 0.64 0.7466666671875
3 0.2425 0.6933333328125 0.26749999999999996 0.67 0.27999999999999997 0.5066666671875 0.29 0.5 0.2925 0.4766666671875 0.28250000000000003 0.3633333328125 0.2725 0.33999999999999997 0.26 0.3366666671875 0.25 0.2833333328125 0.2375 0.2666666671875 0.2225 0.2766666671875 0.22000000000000003 0.30333333281249997 0.22749999999999998 0.3366666671875 0.2125 0.3566666671875 0.20750000000000002 0.38333333281250004 0.205 0.44000000000000006 0.225 0.52 0.23500000000000001 0.6900000000000001 0.2425 0.6933333328125
3 0.1125 0.7033333328125 0.125 0.6933333328125 0.12808999999999998 0.5567833328125 0.156835 0.7009766671875 0.1675 0.7033333328125 0.18 0.6833333328125 0.15 0.4166666671875 0.1375 0.37 0.13999999999999999 0.31 0.1325 0.2866666671875 0.12250000000000001 0.27999999999999997 0.1075 0.2866666671875 0.1075 0.3266666671875 0.10371749999999999 0.34424333281249997 0.08 0.37666666718749997 0.0775 0.42000000000000004 0.0975 0.5533333328125 0.10500000000000001 0.6966666671875 0.1125 0.7033333328125
3 0.1575 0.45999999999999996 0.16 0.5633333328125001 0.16999999999999998 0.5633333328125001 0.1775 0.5533333328125 0.1825 0.4966666671875 0.1825 0.37666666718749997 0.17250000000000001 0.36 0.16999999999999998 0.32999999999999996 0.155 0.3266666671875 0.15 0.3433333328125 0.1543375 0.36674666718750004 0.14750000000000002 0.3866666671875 0.1525 0.4033333328125 0.1575 0.45999999999999996
0 0.375 0.2 0.375 0.21000000000000002 0.39 0.2066666671875 0.41500000000000004 0.19 0.4375 0.19 0.44749999999999995 0.1833333328125 0.4325 0.1366666671875 0.425 0.1266666671875 0.41 0.11333333281249999 0.4 0.11333333281249999 0.3875 0.12 0.38 0.13 0.375 0.14666666718750002 0.375 0.16 0.3725 0.1633333328125 0.3725 0.1966666671875 0.375 0.2
0 0.25 0.2966666671875 0.25 0.27999999999999997 0.24 0.2666666671875 0.22999999999999998 0.2666666671875 0.225 0.27 0.2225 0.2766666671875 0.2225 0.2866666671875 0.22000000000000003 0.29 0.2225 0.2966666671875 0.25 0.2966666671875
0 0.11499999999999999 0.3233333328125 0.11750000000000001 0.32 0.1375 0.32 0.13999999999999999 0.3166666671875 0.13999999999999999 0.3066666671875 0.135 0.29 0.125 0.27999999999999997 0.1125 0.27999999999999997 0.10500000000000001 0.29 0.10500000000000001 0.32 0.1075 0.3233333328125 0.11499999999999999 0.3233333328125
0 0.16999999999999998 0.3433333328125 0.17250000000000001 0.33999999999999997 0.17250000000000001 0.32999999999999996 0.1675 0.3266666671875 0.155 0.3266666671875 0.1525 0.33999999999999997 0.16 0.33999999999999997 0.1625 0.3433333328125 0.16999999999999998 0.3433333328125
2 0.5475 0.23333333281250002 0.5475 0.22999999999999998 0.5525 0.2266666671875 0.5525 0.2233333328125 0.5599999999999999 0.2166666671875 0.5675 0.2166666671875 0.5700000000000001 0.21000000000000002 0.5675 0.2 0.5575 0.19 0.545 0.19 0.5349999999999999 0.2 0.5325 0.21000000000000002 0.5325 0.24 0.5375 0.24 0.5475 0.23333333281250002
2 0.665 0.3066666671875 0.6825 0.27999999999999997 0.6900000000000001 0.2766666671875 0.6900000000000001 0.27 0.6825 0.2633333328125 0.6775 0.2633333328125 0.67 0.2666666671875 0.6625 0.27999999999999997 0.6599999999999999 0.29 0.6625 0.29333333281249996 0.6625 0.30333333281249997 0.665 0.3066666671875