3 0.1640625 0.56640625 0.071875 0.35
3 0.23125 0.58203125 0.109375 0.49921875
3 0.353125 0.615625 0.11171875 0.58046875
3 0.4765625 0.609375 0.1125 0.55234375
3 0.715625 0.6109375 0.146875 0.65703125
3 0.8890625 0.590625 0.07421875 0.54296875
3 0.975 0.6296875 0.05 0.725
0 0.1515625 0.42265625 0.0375 0.04921875
0 0.221875 0.359375 0.06953125 0.0453125
0 0.3359375 0.365625 0.06796875 0.06484375
0 0.4703125 0.3609375 0.07421875 0.04375
0 0.70390625 0.3140625 0.08046875 0.0546875
0 0.89609375 0.3671875 0.0578125 0.06796875
0 0.9796875 0.31484375 0.040625 0.0609375