3 0.7125 0.74921875 0.07421875 0.3859375
3 0.57421875 0.75703125 0.05390625 0.465625
3 0.51015625 0.7328125 0.0484375 0.37890625
3 0.475 0.72265625 0.03203125 0.375
3 0.38984375 0.74140625 0.03671875 0.415625
3 0.34375 0.7375 0.034375 0.39453125
3 0.25234375 0.75859375 0.0671875 0.4265625
3 0.08046875 0.7953125 0.0578125 0.39296875
3 0.11328125 0.58984375 0.0375 0.075
0 0.090625 0.62109375 0.028125 0.0625
0 0.1140625 0.58984375 0.02109375 0.053125
0 0.2484375 0.5734375 0.04140625 0.040625
0 0.35078125 0.565625 0.028125 0.04765625
0 0.39296875 0.5671875 0.0328125 0.05703125
0 0.47734375 0.565625 0.02265625 0.0515625
0 0.5046875 0.5734375 0.01875 0.0796875
0 0.57421875 0.56484375 0.0375 0.053125
0 0.69765625 0.58828125 0.03046875 0.053125