3 0.6980000000000001 0.5449275359375 0.6679999999999999 0.6492753625 0.674 0.6811594203125 0.6940000000000001 0.713043478125 0.678 0.8405797093749999 0.688 0.9826086953125 0.6940000000000001 0.988405796875 0.704 0.9826086953125 0.708 0.8434782609375 0.728 0.77681159375 0.8560000000000001 0.8289855078125001 0.8619999999999999 0.7652173906249999 0.874 0.7304347828125 0.9199999999999999 0.698550725 0.932 0.660869565625 0.924 0.4463768109375 0.8720000000000001 0.385507246875 0.834 0.362318840625 0.8220000000000001 0.339130434375 0.8160000000000001 0.298550725 0.8240000000000001 0.234782609375 0.8140000000000001 0.188405796875 0.8039999999999999 0.17681159375 0.752 0.16521739062500002 0.734 0.17681159375 0.714 0.2173913046875 0.718 0.313043478125 0.74 0.36521739062499997 0.706 0.46666666718750005 0.6980000000000001 0.5449275359375
3 0.6519999999999999 0.8956521734375 0.654 0.8608695656249999 0.678 0.8057971015625001 0.674 0.7507246375000001 0.662 0.7304347828125 0.682 0.7159420296875 0.6839999999999999 0.698550725 0.662 0.6724637687499999 0.662 0.6550724640625 0.682 0.5942028984375 0.6839999999999999 0.5536231890625001 0.666 0.46666666718750005 0.624 0.42318840625 0.62 0.40579710156250004 0.63 0.38260869531249997 0.63 0.3420289859375 0.614 0.310144928125 0.58 0.30434782656250003 0.564 0.3159420296875 0.558 0.37391304375 0.5740000000000001 0.4492753625 0.546 0.4782608703125 0.536 0.5159420296875 0.53 0.7043478265625 0.62 0.7507246375000001 0.624 0.8956521734375 0.6519999999999999 0.8956521734375
3 0.378 0.7536231890625 0.388 0.7565217390625001 0.388 0.6724637687499999 0.40599999999999997 0.6550724640625 0.496 0.6840579703125 0.516 0.5826086953125 0.514 0.5188405796875 0.49800000000000005 0.437681159375 0.45999999999999996 0.40579710156250004 0.44800000000000006 0.37681159375 0.446 0.32173912968749996 0.42800000000000005 0.2956521734375 0.40599999999999997 0.2927536234375 0.386 0.3159420296875 0.38 0.359420290625 0.394 0.3942028984375 0.384 0.42608695625 0.36 0.4492753625 0.362 0.52463768125 0.378 0.6173913046874999 0.376 0.739130434375 0.378 0.7536231890625
3 0.262 0.67536231875 0.286 0.6724637687499999 0.3 0.6521739125 0.316 0.6840579703125 0.31 0.736231884375 0.33599999999999997 0.7565217390625001 0.34199999999999997 0.5304347828125 0.32599999999999996 0.486956521875 0.294 0.4579710140625 0.284 0.434782609375 0.29 0.39710144999999997 0.286 0.3565217390625 0.252 0.3420289859375 0.236 0.359420290625 0.22599999999999998 0.40869565156250004 0.23399999999999999 0.46666666718750005 0.2 0.5043478265625 0.198 0.52463768125 0.194 0.637681159375 0.2 0.6550724640625 0.22799999999999998 0.67536231875 0.262 0.67536231875
3 0.19 0.637681159375 0.202 0.49855072500000003 0.21200000000000002 0.4811594203125 0.19 0.4579710140625 0.192 0.40869565156250004 0.184 0.3942028984375 0.16399999999999998 0.3913043484375 0.152 0.40869565156250004 0.156 0.46956521718750005 0.134 0.49855072500000003 0.132 0.5565217390625 0.144 0.611594203125 0.172 0.637681159375 0.19 0.637681159375
3 0.21400000000000002 0.42608695625 0.21200000000000002 0.46086956562500003 0.22999999999999998 0.46376811562500003 0.22400000000000003 0.40869565156250004 0.21400000000000002 0.42608695625
3 0 0.97391304375 0.018 0.9420289859375 0.022 0.910144928125 0.004 0.77681159375 0.004 0.6521739125 0.02 0.4434782609375 0.004 0.4 0 0.3942028984375 0 0.97391304375
2 0.794 0.2 0.8160000000000001 0.24927536250000001 0.8140000000000001 0.298550725 0.818 0.28985507187500004 0.8240000000000001 0.2434782609375 0.8099999999999999 0.1797101453125 0.752 0.16521739062500002 0.73 0.1797101453125 0.718 0.20289855 0.714 0.22318840624999997 0.722 0.2289855078125 0.75 0.19710144999999998 0.794 0.2
2 0.616 0.32173912968749996 0.622 0.359420290625 0.632 0.3565217390625 0.63 0.313043478125 0.606 0.298550725 0.576 0.298550725 0.562 0.310144928125 0.562 0.339130434375 0.576 0.310144928125 0.602 0.3072463765625 0.616 0.32173912968749996
2 0.442 0.339130434375 0.45199999999999996 0.3536231890625 0.446 0.3188405796875 0.43 0.2956521734375 0.404 0.2927536234375 0.384 0.3188405796875 0.38 0.362318840625 0.392 0.37971014531249997 0.4 0.3507246375 0.442 0.339130434375
2 0.288 0.40869565156250004 0.292 0.3710144921875 0.284 0.3536231890625 0.25 0.3420289859375 0.238 0.3565217390625 0.236 0.36521739062499997 0.27 0.362318840625 0.274 0.3913043484375 0.288 0.40869565156250004
1 0.172 0.388405796875 0.154 0.40869565156250004 0.152 0.41739130468749996 0.192 0.41739130468749996 0.188 0.4 0.172 0.388405796875