3 0.1203125 0.67734375 0.14921875 0.64453125
0 0.140625 0.39296875 0.0890625 0.08359375
3 0.28984375 0.6125 0.1046875 0.6703125
0 0.30703125 0.31015625 0.07265625 0.06171875
3 0.37578125 0.46015625 0.06953125 0.32421875
0 0.36015625 0.3234375 0.0390625 0.05234375
3 0.48984375 0.59921875 0.10625 0.56015625
2 0.484375 0.3640625 0.05234375 0.08828125
3 0.5890625 0.6484375 0.09296875 0.6625
2 0.57578125 0.36640625 0.06640625 0.09453125
3 0.82109375 0.61015625 0.1171875 0.6125
0 0.83828125 0.33671875 0.08203125 0.0671875
0 0.96015625 0.3578125 0.0671875 0.06328125
3 0.94296875 0.59765625 0.1140625 0.53828125