3 0.90703125 0.3375 0.03359375 0.15546875
3 0.9515625 0.33203125 0.03203125 0.15
3 0.82421875 0.29375 0.0265625 0.0640625
0 0.821875 0.275 0.015625 0.0203125
2 0.91640625 0.2890625 0.01328125 0.03359375
2 0.9515625 0.28984375 0.0078125 0.025
3 0.728125 0.4859375 0.0609375 0.2734375
0 0.71953125 0.3796875 0.028125 0.04765625
3 0.6890625 0.48125 0.01796875 0.09765625
0 0.6875 0.45625 0.00859375 0.05078125
3 0.653125 0.553125 0.05234375 0.359375
0 0.6515625 0.40703125 0.0390625 0.0671875
3 0.5953125 0.51328125 0.05859375 0.1046875
0 0.57578125 0.4828125 0.02578125 0.05703125
3 0.4640625 0.53828125 0.04296875 0.36171875
0 0.4765625 0.39453125 0.02421875 0.08984375
3 0.52734375 0.5125 0.0609375 0.11328125
0 0.55 0.46953125 0.0203125 0.03046875
3 0.55078125 0.39140625 0.0375 0.11484375