3 0.13828125 0.34296875 0.19765625 0.68203125
0 0.1796875 0.0265625 0.07421875 0.053125
3 0.26796875 0.415625 0.05078125 0.43359375
0 0.2734375 0.225 0.04453125 0.0484375
3 0.325 0.40859375 0.04921875 0.4296875
0 0.328125 0.21953125 0.0390625 0.04609375
3 0.38125 0.5125 0.0546875 0.19140625
0 0.3953125 0.4390625 0.0296875 0.04140625
3 0.6578125 0.5359375 0.071875 0.1609375
0 0.68359375 0.4703125 0.0171875 0.034375
3 0.76875 0.5421875 0.10078125 0.15546875
0 0.72890625 0.49765625 0.01796875 0.0375
3 0.7640625 0.42109375 0.04375 0.09140625
0 0.7671875 0.39375 0.0296875 0.0265625
3 0.89296875 0.5421875 0.1296875 0.225
0 0.92890625 0.4609375 0.04375 0.0546875
3 0.8453125 0.246875 0.0609375 0.1765625
0 0.84296875 0.17890625 0.0203125 0.03125
3 0.89921875 0.2875 0.0390625 0.08125
0 0.89375 0.2609375 0.02265625 0.0296875