3 0.83671875 0.54375 0.12890625 0.66640625
3 0.6578125 0.509375 0.12578125 0.64140625
3 0.5421875 0.5125 0.05234375 0.40625
3 0.45078125 0.51328125 0.10546875 0.56484375
3 0.321875 0.51484375 0.0875 0.52890625
3 0.16015625 0.53203125 0.1078125 0.53515625
2 0.1453125 0.30625 0.04921875 0.08671875
2 0.325 0.28515625 0.03984375 0.0703125
2 0.44375 0.2734375 0.04609375 0.07578125
2 0.54375 0.33984375 0.03671875 0.06171875
2 0.65859375 0.23671875 0.06015625 0.0890625
2 0.828125 0.26015625 0.0640625 0.09765625