3 0.10390625 0.61796875 0.11484375 0.69609375
3 0.26796875 0.6359375 0.1453125 0.725
3 0.38984375 0.6484375 0.10859375 0.665625
3 0.03203125 0.63203125 0.0609375 0.7359375
3 0.159375 0.41953125 0.090625 0.28828125
3 0.52578125 0.6421875 0.0984375 0.6890625
3 0.66015625 0.6515625 0.17890625 0.696875
0 0.11015625 0.334375 0.12109375 0.1265625
2 0.16484375 0.3171875 0.0859375 0.0859375
0 0.27421875 0.33984375 0.13359375 0.13125
0 0.39140625 0.3640625 0.10234375 0.08828125
2 0.53203125 0.33671875 0.08515625 0.06484375
0 0.64140625 0.3515625 0.1296875 0.0921875
2 0.0234375 0.31953125 0.04453125 0.1078125