2 0.0234375 0.31953125 0.04453125 0.1078125
3 0.738 0.9973333328124999 0.73 0.8186666671875 0.71 0.728 0.706 0.5893333328125 0.716 0.5653333328125 0.756 0.5386666671875 0.752 0.488 0.6839999999999999 0.45866666718750004 0.67 0.4346666671875 0.674 0.3493333328125 0.6599999999999999 0.32 0.638 0.30133333281249997 0.608 0.30133333281249997 0.5780000000000001 0.3333333328125 0.5780000000000001 0.3946666671875 0.592 0.4346666671875 0.5700000000000001 0.48 0.564 0.6853333328125 0.5700000000000001 0.8106666671875 0.564 0.8240000000000001 0.5599999999999999 0.9973333328124999 0.738 0.9973333328124999
0 0.686 0.3653333328125 0.658 0.31466666718749997 0.634 0.2986666671875 0.6 0.304 0.576 0.33599999999999997 0.5780000000000001 0.3946666671875 0.6559999999999999 0.3653333328125 0.674 0.37333333281250003 0.686 0.3653333328125
3 0.472 0.744 0.476 0.8400000000000001 0.46799999999999997 0.8693333328125 0.462 0.9893333328124999 0.46399999999999997 0.9973333328124999 0.5 0.9973333328124999 0.502 0.9893333328124999 0.54 0.9973333328124999 0.558 0.9653333328124999 0.5599999999999999 0.8453333328125 0.522 0.7226666671875 0.518 0.5386666671875 0.53 0.5093333328125 0.576 0.44800000000000006 0.5660000000000001 0.41600000000000004 0.5660000000000001 0.3466666671875 0.5559999999999999 0.32 0.528 0.3093333328125 0.508 0.3226666671875 0.502 0.368 0.514 0.4 0.514 0.4266666671875 0.47400000000000003 0.46666666718750005 0.476 0.6026666671875 0.47000000000000003 0.6533333328125 0.47800000000000004 0.6666666671875 0.472 0.744
2 0.524 0.36 0.568 0.352 0.5599999999999999 0.32 0.542 0.3093333328125 0.532 0.3066666671875 0.504 0.3253333328125 0.5 0.368 0.51 0.3786666671875 0.518 0.3786666671875 0.524 0.36
3 0.35 0.7306666671875 0.32 0.736 0.32 0.7466666671875 0.32999999999999996 0.7466666671875 0.33999999999999997 0.8213333328125 0.32999999999999996 0.9039999999999999 0.33399999999999996 0.992 0.41600000000000004 0.9973333328124999 0.42800000000000005 0.792 0.42800000000000005 0.7466666671875 0.42000000000000004 0.7253333328125 0.422 0.608 0.43200000000000005 0.5893333328125 0.41600000000000004 0.49066666718749996 0.42800000000000005 0.3866666671875 0.414 0.344 0.396 0.3253333328125 0.364 0.32799999999999996 0.346 0.3546666671875 0.322 0.6053333328125 0.322 0.6826666671875 0.346 0.6933333328125 0.352 0.7066666671874999 0.35 0.7306666671875
0 0.422 0.3973333328125 0.43200000000000005 0.384 0.414 0.3413333328125 0.394 0.3226666671875 0.362 0.32799999999999996 0.344 0.3573333328125 0.34199999999999997 0.3946666671875 0.348 0.40533333281250006 0.378 0.38933333281250004 0.422 0.3973333328125
3 0.192 0.8293333328125 0.2 0.8800000000000001 0.2 0.9253333328125001 0.192 0.9466666671875 0.2 0.9626666671875 0.196 0.992 0.322 0.9973333328124999 0.312 0.792 0.32 0.7813333328125001 0.316 0.41600000000000004 0.32799999999999996 0.368 0.32 0.3253333328125 0.292 0.288 0.248 0.27999999999999997 0.21800000000000003 0.3066666671875 0.20800000000000002 0.3333333328125 0.20400000000000001 0.4 0.21600000000000003 0.41600000000000004 0.22200000000000003 0.44800000000000006 0.194 0.504 0.2 0.616 0.196 0.7626666671875 0.202 0.768 0.192 0.8293333328125
0 0.238 0.384 0.33799999999999997 0.392 0.322 0.3253333328125 0.302 0.29333333281249996 0.282 0.27999999999999997 0.23199999999999998 0.2853333328125 0.20600000000000002 0.3386666671875 0.20400000000000001 0.384 0.22400000000000003 0.38133333281250004 0.22799999999999998 0.3946666671875 0.238 0.384
2 0.146 0.2666666671875 0.128 0.27999999999999997 0.144 0.3066666671875 0.176 0.304 0.16399999999999998 0.27999999999999997 0.146 0.2666666671875
0 0.088 0.3653333328125 0.118 0.376 0.124 0.368 0.148 0.376 0.154 0.3653333328125 0.146 0.31466666718749997 0.126 0.2853333328125 0.078 0.27999999999999997 0.05600000000000001 0.30133333281249997 0.05 0.32 0.046 0.3786666671875 0.064 0.4026666671875 0.08199999999999999 0.392 0.088 0.3653333328125
3 0.066 0.8693333328125 0.062 0.792 0.028000000000000004 0.704 0.002 0.584 0 0.9973333328124999 0.057999999999999996 0.9973333328124999 0.05600000000000001 0.9324453328125 0.066 0.8693333328125
3 0.036 0.3946666671875 0.036 0.33599999999999997 0.024 0.2853333328125 0.002 0.25866666718750003 0 0.4693333328125 0.006 0.4693333328125 0.02 0.45866666718750004 0.036 0.3946666671875
3 0.074 0.8240000000000001 0.076 0.8640000000000001 0.062 0.9066666671875 0.066 0.992 0.134 0.9973333328124999 0.142 0.992 0.142 0.9733333328124999 0.124 0.96 0.136 0.8826666671875 0.124 0.8 0.122 0.6826666671875 0.146 0.5333333328125 0.118 0.48266666718750006 0.118 0.46666666718750005 0.13999999999999999 0.4453333328125 0.15 0.3466666671875 0.142 0.31466666718749997 0.122 0.288 0.08199999999999999 0.27999999999999997 0.052000000000000005 0.31466666718749997 0.046 0.3786666671875 0.06 0.41333333281250006 0.038 0.488 0.041999999999999996 0.5866666671874999 0.036 0.7066666671874999 0.066 0.776 0.074 0.8240000000000001