3 0.87890625 0.771875 0.1625 0.45625
3 0.621875 0.77578125 0.10390625 0.44765625
3 0.446875 0.78984375 0.09609375 0.4140625
3 0.24765625 0.79609375 0.13359375 0.4078125
3 0.14765625 0.82109375 0.053125 0.3375
3 0.04375 0.7921875 0.0875 0.415625
3 0.42421875 0.465625 0.0640625 0.28125
3 0.4125 0.18203125 0.0703125 0.29296875
0 0.8875 0.6515625 0.14296875 0.18671875
0 0.61953125 0.64609375 0.0703125 0.12265625
0 0.446875 0.640625 0.08515625 0.1015625
0 0.246875 0.66171875 0.09296875 0.12109375
0 0.1578125 0.69296875 0.03359375 0.075
0 0.04765625 0.68828125 0.0921875 0.128125
0 0.43203125 0.07734375 0.0296875 0.06953125
2 0.440625 0.3609375 0.0359375 0.05