3 0.81484375 0.8765625 0.12734375 0.24609375
3 0.284375 0.77578125 0.12890625 0.4484375
3 0.09609375 0.75 0.0984375 0.12109375
3 0.47109375 0.8875 0.03671875 0.17421875
3 0.52890625 0.87890625 0.04375 0.10546875
3 0.75625 0.23359375 0.17421875 0.4078125
3 0.54296875 0.21171875 0.10390625 0.40625
0 0.7109375 0.059375 0.06875 0.05390625
0 0.56796875 0.04921875 0.04921875 0.0640625
0 0.0953125 0.72578125 0.05625 0.065625
0 0.28359375 0.64921875 0.1125 0.15703125
0 0.46875 0.82734375 0.02890625 0.03984375
0 0.521875 0.84453125 0.02890625 0.02578125
0 0.8125 0.81484375 0.090625 0.1125