3 0.5578125 0.65859375 0.09296875 0.43828125
3 0.478125 0.66328125 0.05546875 0.25625
3 0.4453125 0.665625 0.015625 0.19453125
3 0.4234375 0.6515625 0.0296875 0.14453125
3 0.08671875 0.77265625 0.06484375 0.259375
3 0.30234375 0.56015625 0.00390625 0.025
3 0.32109375 0.75390625 0.03203125 0.39921875
3 0.36640625 0.68125 0.04140625 0.20703125
0 0.5296875 0.48515625 0.0375 0.07265625
0 0.4671875 0.55625 0.02265625 0.0390625
0 0.446875 0.58984375 0.0140625 0.03203125
0 0.42265625 0.6 0.02265625 0.0265625
0 0.3609375 0.609375 0.02265625 0.053125
0 0.33203125 0.58828125 0.03203125 0.05625
0 0.07578125 0.6765625 0.03671875 0.0703125