3 0.20546875 0.61796875 0.090625 0.6671875
3 0.38203125 0.62578125 0.065625 0.61328125
3 0.3046875 0.59453125 0.07109375 0.57890625
3 0.265625 0.253125 0.0515625 0.25234375
3 0.171875 0.178125 0.071875 0.19375
3 0.48828125 0.6046875 0.07734375 0.57109375
3 0.58125 0.59765625 0.07265625 0.534375
3 0.78359375 0.59921875 0.065625 0.528125
3 0.8765625 0.56875 0.09296875 0.50078125
0 0.17578125 0.11015625 0.04765625 0.05234375
0 0.2671875 0.153125 0.04375 0.04765625
0 0.1984375 0.3125 0.0609375 0.05234375
0 0.31328125 0.334375 0.0515625 0.04921875
0 0.38203125 0.35234375 0.05625 0.0640625
0 0.4875 0.35 0.053125 0.05703125
0 0.5703125 0.353125 0.04453125 0.0453125
0 0.78828125 0.3609375 0.05234375 0.05234375
0 0.8671875 0.34296875 0.05234375 0.04765625