3 0.8078125 0.5 0.23671875 0.99609375
0 0.79609375 0.109375 0.16015625 0.190625
3 0.52265625 0.4984375 0.06015625 0.5828125
0 0.52734375 0.265625 0.06015625 0.08671875
3 0.58671875 0.33046875 0.0578125 0.1484375
0 0.57109375 0.28671875 0.0203125 0.04765625
3 0.4609375 0.31796875 0.06484375 0.15546875
0 0.4609375 0.29296875 0.05625 0.08828125
3 0.41015625 0.35390625 0.05546875 0.24921875
2 0.40703125 0.284375 0.0421875 0.0953125
3 0.3484375 0.49765625 0.153125 0.9484375
0 0.35234375 0.12265625 0.14453125 0.16796875