3 0.6296875 0.57265625 0.0703125 0.51953125
2 0.615625 0.3359375 0.0421875 0.0390625
3 0.57265625 0.54375 0.04375 0.45546875
0 0.571875 0.34453125 0.03046875 0.04609375
3 0.4890625 0.57734375 0.0671875 0.4984375
3 0.50546875 0.36015625 0.04140625 0.08828125
3 0.43125 0.58828125 0.0765625 0.5796875
2 0.421875 0.3390625 0.05078125 0.06015625
3 0.33359375 0.57265625 0.06015625 0.4453125
3 0.14609375 0.63515625 0.1515625 0.72265625
2 0.14609375 0.35078125 0.109375 0.146875
3 0.275 0.6296875 0.10703125 0.6765625
0 0.25859375 0.35 0.06796875 0.1234375
0 0.334375 0.38359375 0.0421875 0.07734375
2 0.47734375 0.3671875 0.0328125 0.08125
2 0.50390625 0.33984375 0.0328125 0.0546875