3 0.0640625 0.39921875 0.10625 0.71484375
2 0.05234375 0.0984375 0.06875 0.10625
3 0.1765625 0.4515625 0.10390625 0.8484375
2 0.18828125 0.09453125 0.0703125 0.1375
3 0.2796875 0.38203125 0.0828125 0.68984375
2 0.2765625 0.09921875 0.0609375 0.1234375
3 0.3984375 0.50390625 0.1015625 0.9921875
2 0.40234375 0.08671875 0.071875 0.14140625
3 0.496875 0.33671875 0.0671875 0.653125
2 0.5046875 0.0671875 0.05546875 0.103125
3 0.615625 0.52421875 0.14375 0.928125
2 0.6015625 0.1375 0.08828125 0.13515625
3 0.8421875 0.4515625 0.08515625 0.7140625
2 0.85234375 0.14765625 0.05546875 0.1015625
3 0.9109375 0.33515625 0.05 0.59140625
2 0.91015625 0.0875 0.03828125 0.0859375