3 0.728 0.9972144843749999 0.876 0.9972144843749999 0.8939999999999999 0.749303621875 0.8939999999999999 0.7186629531250001 0.882 0.71030640625 0.884 0.662952646875 0.906 0.62395543125 0.9259999999999999 0.6072423390624999 0.944 0.5654596093750001 0.944 0.5459610031250001 0.9339999999999999 0.48189415 0.9119999999999999 0.4150417828125 0.844 0.3537604453125 0.8400000000000001 0.259052925 0.8 0.25626740937500003 0.77 0.281337046875 0.766 0.317548746875 0.774 0.3927576609375 0.742 0.43175487500000004 0.728 0.5125348187500001 0.726 0.54874651875 0.756 0.596100278125 0.738 0.688022284375 0.728 0.9972144843749999
3 0.46399999999999997 0.7548746515625 0.476 0.7715877437499999 0.49400000000000005 0.8690807796875 0.49800000000000005 0.9972144843749999 0.542 0.9972144843749999 0.546 0.941504178125 0.5780000000000001 0.9526462390624999 0.584 0.9972144843749999 0.626 0.9972144843749999 0.63 0.9721448468749999 0.62 0.8913649031249999 0.5780000000000001 0.9025069640625001 0.572 0.8941504171875 0.5740000000000001 0.8523676874999999 0.584 0.7827298046875 0.602 0.7325905296874999 0.614 0.7242339828125 0.626 0.7520891359374999 0.644 0.713091921875 0.648 0.5877437328124999 0.62 0.40389972187499995 0.608 0.3816155984375 0.5519999999999999 0.3537604453125 0.5599999999999999 0.28969359375 0.542 0.2423398328125 0.506 0.23676880156250002 0.48600000000000004 0.2674094703125 0.49400000000000005 0.3788300828125 0.466 0.398328690625 0.454 0.42339832812499995 0.43200000000000005 0.596100278125 0.43 0.6545961 0.44000000000000006 0.7353760453125 0.44800000000000006 0.7548746515625 0.46399999999999997 0.7548746515625
3 0.236 0.7660167125 0.256 0.7576601671875001 0.272 0.830083565625 0.272 0.885793871875 0.258 0.913649025 0.264 0.9888579390625001 0.266 0.9972144843749999 0.376 0.9972144843749999 0.376 0.7019498609375 0.394 0.6852367687500001 0.376 0.515320334375 0.39 0.49860724218749997 0.39 0.479108634375 0.362 0.3927576609375 0.312 0.3537604453125 0.32 0.31476323125 0.316 0.25626740937500003 0.304 0.2395543171875 0.27599999999999997 0.2339832875 0.25 0.259052925 0.264 0.3509749296875 0.21800000000000003 0.398328690625 0.21000000000000002 0.4428969359375 0.236 0.7660167125
3 0.06999999999999999 0.8272980499999999 0.072 0.8384401109375 0.1 0.85793871875 0.10800000000000001 0.8495821734375 0.11200000000000002 0.8161559890625 0.124 0.8077994421874999 0.122 0.7827298046875 0.1 0.74651810625 0.10800000000000001 0.7186629531250001 0.176 0.7242339828125 0.22799999999999998 0.7632311984375 0.21600000000000003 0.49582172656249995 0.20400000000000001 0.4178272984375 0.178 0.3621169921875 0.198 0.2980501390625 0.202 0.25348189374999996 0.182 0.19777158749999998 0.13799999999999998 0.1810584953125 0.10600000000000001 0.20334261874999998 0.10200000000000001 0.2701949859375 0.11000000000000001 0.3091922 0.09 0.367688021875 0.062 0.3899721453125 0.048 0.4150417828125 0.04 0.484679665625 0.038 0.601671309375 0.05600000000000001 0.6573816156250001 0.076 0.7715877437499999 0.06999999999999999 0.8272980499999999
3 0.16399999999999998 0.9526462390624999 0.11000000000000001 0.9526462390624999 0.1 0.9387186625 0.076 0.9387186625 0.076 0.9972144843749999 0.20600000000000002 0.9972144843749999 0.22000000000000003 0.8774373265625 0.16399999999999998 0.9526462390624999
3 0.958 0.459610028125 0.952 0.4484679671875 0.976 0.37604456875 0.966 0.3565459609375 0.9380000000000001 0.348189415625 0.9099999999999999 0.3871866296875 0.908 0.40389972187499995 0.952 0.53760445625 0.958 0.5320334265625 0.958 0.459610028125
3 0.978 0.8384401109375 0.966 0.8690807796875 0.96 0.9637883015625001 0.966 0.9972144843749999 0.9960000000000001 0.9972144843749999 0.998 0.39554317499999997 0.9800000000000001 0.4484679671875 0.9640000000000001 0.6183844015625 0.976 0.6490250703125 0.982 0.713091921875 0.976 0.7325905296874999 0.978 0.8384401109375
1 0.99 0.2785515328125 0.994 0.3091922 0.9960000000000001 0.12813370468750002 0.974 0.12813370468750002 0.9199999999999999 0.16434540312499998 0.914 0.1810584953125 0.9179999999999999 0.2144846796875 0.9400000000000001 0.2451253484375 0.99 0.2785515328125
2 0.958 0.348189415625 0.9339999999999999 0.348189415625 0.914 0.3704735375 0.9119999999999999 0.3871866296875 0.922 0.39554317499999997 0.97 0.36490250625 0.958 0.348189415625
2 0.8460000000000001 0.3259052921875 0.8460000000000001 0.2701949859375 0.8300000000000001 0.25348189374999996 0.786 0.261838440625 0.768 0.2841225625 0.766 0.3008356546875 0.788 0.292479109375 0.8099999999999999 0.3259052921875 0.8460000000000001 0.3259052921875
2 0.538 0.2701949859375 0.544 0.2980501390625 0.562 0.2980501390625 0.5559999999999999 0.261838440625 0.54 0.2395543171875 0.504 0.23676880156250002 0.484 0.2701949859375 0.48600000000000004 0.2952646234375 0.49400000000000005 0.2674094703125 0.52 0.259052925 0.538 0.2701949859375
2 0.318 0.286908078125 0.322 0.281337046875 0.318 0.259052925 0.3 0.23676880156250002 0.27599999999999997 0.2339832875 0.254 0.250696378125 0.248 0.28969359375 0.258 0.3008356546875 0.29 0.2674094703125 0.318 0.286908078125
2 0.188 0.23676880156250002 0.196 0.261838440625 0.202 0.250696378125 0.188 0.20612813437500002 0.158 0.1810584953125 0.132 0.1838440109375 0.10400000000000001 0.2089136484375 0.10200000000000001 0.25348189374999996 0.126 0.2674094703125 0.16999999999999998 0.23676880156250002 0.188 0.23676880156250002