3 0.828125 0.6953125 0.1859375 0.60859375
3 0.59296875 0.6796875 0.103125 0.640625
3 0.45859375 0.57421875 0.10078125 0.6328125
3 0.33515625 0.5359375 0.0921875 0.5453125
3 0.22734375 0.5453125 0.090625 0.49765625
3 0.07578125 0.5859375 0.09921875 0.4453125
0 0.876212 0.4617079640625 0.876212 0.44349557500000003 0.8736140000000001 0.4109056046875 0.859974 0.39461061875 0.846984 0.384067846875 0.829448 0.3821504421875 0.810614 0.40036283125 0.796974 0.421451328125 0.783336 0.42528613593750003 0.785934 0.43487020625 0.800872 0.4387050140625 0.8190580000000001 0.4482890859375 0.8430880000000001 0.46266666718750005 0.8554280000000001 0.48183775781250004 0.867142 0.4963362828125 0.8781599999999999 0.4952566375 0.872314 0.4760855453125 0.876212 0.4617079640625
0 0.62876 0.38694395312499996 0.618368 0.381191740625 0.608626 0.3658554578125 0.588492 0.3572300890625 0.571606 0.3648967546875 0.555368 0.3879026546875 0.5566679999999999 0.4137817109375 0.561862 0.43391150468750006 0.561428 0.432070796875 0.583296 0.4195339234375 0.60408 0.4109056046875 0.625512 0.395569321875 0.62876 0.38694395312499996
0 0.461844 0.29201475 0.473534 0.3044749265625 0.47808 0.32172861406250003 0.48262600000000005 0.3121445421875 0.480028 0.28626253749999997 0.473534 0.2699675515625 0.46379200000000004 0.2584660765625 0.45339999999999997 0.2555899703125 0.433266 0.2670943953125 0.42742 0.2843451328125 0.425714 0.30143362812499996 0.432616 0.28817994062499996 0.44430800000000004 0.28626253749999997 0.461844 0.29201475
0 0.365734 0.276495575 0.348848 0.2640353984375 0.331962 0.2640353984375 0.32287 0.2707463125 0.32092 0.29087610625 0.318972 0.3129203546875 0.329286 0.32461356874999997 0.350796 0.34071976406250004 0.366384 0.3263392328125 0.37352799999999997 0.2975840703125 0.365734 0.276495575
0 0.265714 0.3464690265625 0.26506599999999997 0.322507375 0.255972 0.299501475 0.235838 0.2947079640625 0.219602 0.3052536875 0.215 0.32355752187500003 0.22285 0.3282566375 0.243632 0.33688495625 0.256622 0.3493451328125 0.265714 0.3464690265625
0 0.095552 0.376182890625 0.082562 0.36564011875 0.07022199999999999 0.3637227140625 0.056582 0.3752241890625 0.052036000000000006 0.3886460171875 0.053571999999999995 0.404678465625 0.06762399999999999 0.4030235984375 0.090356 0.3915191734375 0.10074799999999999 0.38672861406250003 0.095552 0.376182890625