3 0.748 0.9040404046875 0.75 0.9671717171875001 0.708 0.9772727265625001 0.702 0.9949494953125001 0.998 0.9974747468749999 0.998 0.5479797984375 0.966 0.49747474687500004 0.974 0.4393939390625 0.974 0.3611111109375 0.968 0.3459595953125 0.93 0.31818181874999996 0.874 0.31313131250000004 0.8240000000000001 0.3484848484375 0.806 0.3737373734375 0.8039999999999999 0.4015151515625 0.8140000000000001 0.4267676765625 0.8220000000000001 0.5176767671875 0.836 0.5429292921875 0.71 0.65656565625 0.696 0.6414141421874999 0.6900000000000001 0.6666666671875 0.682 0.747474746875 0.688 0.8055555562500001 0.72 0.88131313125 0.748 0.9040404046875
3 0.712 0.47222222187499996 0.72 0.5126262625 0.818 0.5202020203125 0.8119999999999999 0.424242425 0.8 0.3863636359375 0.8119999999999999 0.3611111109375 0.8560000000000001 0.31313131250000004 0.8380000000000001 0.303030303125 0.8019999999999999 0.3207070703125 0.79 0.3989898984375 0.78 0.41919191875 0.754 0.4520202015625 0.712 0.47222222187499996
3 0.788 0.3989898984375 0.794 0.3207070703125 0.768 0.2853535359375 0.746 0.2853535359375 0.744 0.371212121875 0.764 0.424242425 0.772 0.4267676765625 0.788 0.3989898984375
3 0.75 0.328282828125 0.74 0.2878787875 0.732 0.2803030296875 0.716 0.2878787875 0.714 0.30050505 0.732 0.31818181874999996 0.744 0.35606060624999997 0.75 0.328282828125
3 0.712 0.46717171718749995 0.76 0.44444444375 0.756 0.3989898984375 0.738 0.3611111109375 0.728 0.3080808078125 0.716 0.303030303125 0.6839999999999999 0.3207070703125 0.6839999999999999 0.36868686875 0.6719999999999999 0.4015151515625 0.646 0.424242425 0.712 0.46717171718749995
3 0.61 0.4267676765625 0.658 0.41919191875 0.678 0.396464646875 0.6799999999999999 0.366161615625 0.65 0.328282828125 0.634 0.27777777812500004 0.616 0.27777777812500004 0.602 0.290404040625 0.5980000000000001 0.36868686875 0.5820000000000001 0.39393939375000003 0.5820000000000001 0.409090909375 0.61 0.4267676765625
3 0.572 0.4015151515625 0.5940000000000001 0.371212121875 0.6 0.325757575 0.5559999999999999 0.27777777812500004 0.54 0.2803030296875 0.532 0.2929292921875 0.544 0.34090909062499997 0.522 0.3762626265625 0.514 0.3762626265625 0.572 0.4015151515625
3 0.542 0.34090909062499997 0.53 0.29545454531250004 0.544 0.2702020203125 0.526 0.2626262625 0.514 0.275252525 0.52 0.32323232343749997 0.5 0.366161615625 0.526 0.3636363640625 0.542 0.34090909062499997
3 0.368 0.3459595953125 0.33999999999999997 0.2676767671875 0.32599999999999996 0.2702020203125 0.314 0.30555555624999997 0.298 0.3207070703125 0.294 0.33080808125 0.322 0.35858585781249996 0.36 0.35606060624999997 0.368 0.3459595953125
3 0.252 0.31313131250000004 0.21000000000000002 0.29545454531250004 0.19 0.31313131250000004 0.184 0.3333333328125 0.176 0.371212121875 0.20162 0.3712929296875 0.211618 0.31993686875 0.252 0.31313131250000004
3 0.25 0.5454545453125 0.21200000000000002 0.5883838390625 0.22000000000000003 0.61868686875 0.252 0.6489898984375 0.286 0.6262626265625 0.304 0.6414141421874999 0.33799999999999997 0.6262626265625 0.346 0.5328282828125 0.33599999999999997 0.4646464640625 0.304 0.3989898984375 0.308 0.3484848484375 0.262 0.32323232343749997 0.20800000000000002 0.3459595953125 0.20600000000000002 0.366161615625 0.244 0.3888888890625 0.266 0.434343434375 0.25 0.5454545453125
3 0.272 0.9444444437499999 0.3 0.9292929296875 0.4 0.803030303125 0.44400000000000006 0.775252525 0.45 0.7373737375 0.442 0.7045454546875 0.40800000000000003 0.7272727265625 0.394 0.7070707078125 0.4 0.6919191921875 0.33599999999999997 0.6868686875 0.238 0.6464646468749999 0.21000000000000002 0.5984848484375 0.22200000000000003 0.5732323234375001 0.246 0.5580808078125 0.254 0.5 0.26 0.49747474687500004 0.262 0.4267676765625 0.254 0.4015151515625 0.22599999999999998 0.378787878125 0.16399999999999998 0.3762626265625 0.148 0.383838384375 0.11200000000000002 0.43181818125 0.12 0.48484848437499994 0.1 0.5378787875000001 0.06 0.6010101015625 0.022 0.69949495 0.002 0.8232323234375001 0 0.9974747468749999 0.27999999999999997 0.9974747468749999 0.294 0.9924242421875 0.272 0.9444444437499999
3 0.998 0.3484848484375 0.982 0.3510101015625 0.976 0.3888888890625 0.97 0.5050505046875 0.992 0.5328282828125 0.998 0.3484848484375
3 0.26 0.325757575 0.236 0.3106060609375 0.21400000000000002 0.3207070703125 0.20400000000000001 0.33838383906249997 0.202 0.36868686875 0.21600000000000003 0.3737373734375 0.242 0.33080808125 0.26 0.325757575
2 0.898 0.510101009375 0.9640000000000001 0.5050505046875 0.9720000000000001 0.47222222187499996 0.976 0.3636363640625 0.954 0.33080808125 0.9279999999999999 0.315656565625 0.8720000000000001 0.31313131250000004 0.82 0.3510101015625 0.8039999999999999 0.38131313125 0.8039999999999999 0.4015151515625 0.828 0.46212121249999993 0.866 0.47979797968750004 0.898 0.510101009375
2 0.9821920000000001 0.3544545453125 0.978 0.4141414140625 0.998 0.43686868749999996 0.998 0.3484848484375 0.9821920000000001 0.3544545453125
2 0.828 0.303030303125 0.8 0.31818181874999996 0.798 0.33838383906249997 0.8240000000000001 0.34343434375 0.858 0.315656565625 0.828 0.303030303125
2 0.746 0.2828282828125 0.75 0.30555555624999997 0.774 0.30555555624999997 0.774 0.2878787875 0.746 0.2828282828125
2 0.716 0.2878787875 0.716 0.30050505 0.74 0.30555555624999997 0.738 0.2828282828125 0.716 0.2878787875
2 0.742 0.34343434375 0.728 0.30555555624999997 0.6980000000000001 0.3080808078125 0.6839999999999999 0.3207070703125 0.682 0.3333333328125 0.702 0.353535353125 0.732 0.3611111109375 0.742 0.34343434375
2 0.632 0.275252525 0.602 0.2853535359375 0.602 0.30555555624999997 0.628 0.3106060609375 0.644 0.2979797984375 0.632 0.275252525
2 0.542 0.27777777812500004 0.532 0.290404040625 0.536 0.3106060609375 0.572 0.30555555624999997 0.5559999999999999 0.27777777812500004 0.542 0.27777777812500004
2 0.544 0.275252525 0.538 0.2626262625 0.514 0.2702020203125 0.514 0.2828282828125 0.526 0.27777777812500004 0.532 0.2853535359375 0.544 0.275252525
2 0.324 0.27272727343750003 0.324 0.30050505 0.346 0.2803030296875 0.33999999999999997 0.2676767671875 0.324 0.27272727343750003
2 0.22000000000000003 0.49747474687500004 0.244 0.49747474687500004 0.26 0.44444444375 0.252 0.4040404046875 0.21000000000000002 0.3737373734375 0.15 0.378787878125 0.11599999999999999 0.4141414140625 0.11000000000000001 0.44444444375 0.126 0.5303030296875 0.178 0.5328282828125 0.22000000000000003 0.49747474687500004
2 0.302 0.40656565625 0.306 0.3484848484375 0.29 0.3333333328125 0.254 0.32323232343749997 0.22200000000000003 0.35858585781249996 0.21800000000000003 0.371212121875 0.25 0.39393939375000003 0.266 0.4267676765625 0.302 0.40656565625
2 0.22000000000000003 0.315656565625 0.20600000000000002 0.33838383906249997 0.20400000000000001 0.36868686875 0.21600000000000003 0.371212121875 0.244 0.31818181874999996 0.22000000000000003 0.315656565625
2 0.242 0.3106060609375 0.210284 0.2988888890625 0.19 0.3106060609375 0.184 0.32323232343749997 0.190954 0.347719696875 0.212284 0.319095959375 0.242 0.3106060609375