3 0.0296875 0.575 0.05625 0.33671875
2 0.02265625 0.43125 0.03203125 0.04609375
3 0.10078125 0.61171875 0.08203125 0.384375
2 0.10234375 0.4484375 0.03984375 0.05703125
3 0.22734375 0.64453125 0.1109375 0.5921875
2 0.228125 0.39375 0.05703125 0.07578125
3 0.27890625 0.58046875 0.0359375 0.34453125
2 0.275 0.4375 0.03203125 0.046875
3 0.346875 0.603125 0.06796875 0.37421875
2 0.36640625 0.44296875 0.03359375 0.05625
3 0.453125 0.5984375 0.0875 0.37265625
2 0.44765625 0.44609375 0.03125 0.059375
3 0.55234375 0.59453125 0.04453125 0.35625
2 0.5578125 0.44453125 0.03125 0.04140625
3 0.59765625 0.603125 0.04765625 0.41171875
2 0.5921875 0.42578125 0.03046875 0.0546875
3 0.6421875 0.58828125 0.03984375 0.34453125
2 0.63828125 0.446875 0.02734375 0.04765625
3 0.69453125 0.590625 0.0421875 0.3515625
2 0.70234375 0.4453125 0.025 0.05
3 0.73359375 0.6046875 0.03359375 0.4234375
2 0.73359375 0.42890625 0.028125 0.06328125
3 0.78671875 0.6296875 0.06796875 0.4421875
2 0.77265625 0.4453125 0.0359375 0.06484375
3 0.85234375 0.65625 0.05703125 0.47578125
2 0.85 0.46015625 0.04296875 0.06875
3 0.9109375 0.69140625 0.04296875 0.5734375
2 0.91484375 0.440625 0.04375 0.0671875
3 0.959375 0.590625 0.04375 0.35703125
2 0.95 0.4375 0.025 0.04453125