0 0.20625 0.59453125 0.07421875 0.10546875
0 0.2890625 0.59453125 0.08125 0.10859375
3 0.42109375 0.6234375 0.16171875 0.75234375
0 0.4046875 0.29453125 0.10234375 0.08828125
3 0.58046875 0.575 0.12265625 0.6515625
2 0.58984375 0.29765625 0.0546875 0.09296875
3 0.68359375 0.390625 0.0703125 0.2640625
2 0.665625 0.28671875 0.0328125 0.0515625
3 0.725 0.471875 0.090625 0.21328125
0 0.70703125 0.39609375 0.0515625 0.0515625
3 0.8921875 0.62109375 0.10390625 0.7578125
0 0.88203125 0.2828125 0.06796875 0.075