3 0.852 0.8213333328125 0.874 0.8213333328125 0.8859999999999999 0.7946666671875 0.916 0.784 0.922 0.8106666671875 0.95 0.8240000000000001 0.9400000000000001 0.6 0.958 0.488 0.9460000000000001 0.4186666671875 0.908 0.3866666671875 0.908 0.3306666671875 0.8720000000000001 0.3333333328125 0.8640000000000001 0.36 0.868 0.40533333281250006 0.852 0.43200000000000005 0.86 0.4773333328125 0.85 0.496 0.8619999999999999 0.6986666671874999 0.852 0.8213333328125
3 0.788 0.5813333328125 0.78 0.6426666671875 0.762 0.6586666671875 0.758 0.8266666671875 0.752 0.8400000000000001 0.78 0.8400000000000001 0.786 0.8240000000000001 0.808 0.8266666671875 0.818 0.8480000000000001 0.8320000000000001 0.8480000000000001 0.8300000000000001 0.536 0.842 0.4693333328125 0.792 0.41600000000000004 0.796 0.3786666671875 0.788 0.3653333328125 0.764 0.36 0.758 0.368 0.752 0.3866666671875 0.76 0.45066666718750004 0.784 0.5066666671875 0.788 0.5813333328125
3 0.6799999999999999 0.8453333328125 0.67 0.8640000000000001 0.686 0.8666666671875 0.712 0.8506666671875 0.744 0.8613333328125 0.758 0.6693333328125 0.78 0.6373333328124999 0.786 0.5386666671875 0.772 0.47466666718750006 0.746 0.45066666718750004 0.738 0.42400000000000004 0.742 0.4026666671875 0.732 0.38133333281250004 0.714 0.3786666671875 0.702 0.38933333281250004 0.6980000000000001 0.41333333281250006 0.704 0.43200000000000005 0.696 0.4613333328125 0.6759999999999999 0.4773333328125 0.67 0.5066666671875 0.6679999999999999 0.6426666671875 0.6799999999999999 0.6613333328125 0.682 0.688 0.6799999999999999 0.8453333328125
3 0.666 0.7866666671875 0.662 0.712 0.67 0.6559999999999999 0.6639999999999999 0.5413333328125 0.67 0.4933333328125 0.674 0.4773333328125 0.702 0.44800000000000006 0.692 0.4346666671875 0.6839999999999999 0.384 0.674 0.37333333281250003 0.65 0.38933333281250004 0.654 0.5226666671875 0.642 0.544 0.64 0.8 0.65 0.8053333328125 0.6599999999999999 0.8026666671875 0.666 0.7866666671875
3 0.5660000000000001 0.7013333328125 0.564 0.7893333328125001 0.548 0.8400000000000001 0.5900000000000001 0.8320000000000001 0.62 0.8426666671874999 0.63 0.8373333328125 0.638 0.784 0.636 0.5466666671875 0.6519999999999999 0.52 0.654 0.47466666718750006 0.644 0.4346666671875 0.604 0.3973333328125 0.61 0.3653333328125 0.5980000000000001 0.33599999999999997 0.5740000000000001 0.344 0.572 0.41333333281250006 0.544 0.44266666718750003 0.538 0.46666666718750005 0.534 0.512 0.5599999999999999 0.5626666671875 0.5559999999999999 0.616 0.5660000000000001 0.7013333328125
3 0.528 0.5866666671874999 0.534 0.528 0.524 0.4373333328125 0.516 0.42400000000000004 0.5 0.4266666671875 0.5 0.5599999999999999 0.52 0.6746666671875 0.534 0.6533333328125 0.528 0.5866666671874999
3 0.446 0.8746666671875 0.546 0.8693333328125 0.496 0.472 0.49800000000000005 0.42400000000000004 0.476 0.3866666671875 0.48 0.3493333328125 0.46799999999999997 0.3093333328125 0.446 0.304 0.43200000000000005 0.3173333328125 0.426 0.3306666671875 0.434 0.368 0.43 0.3973333328125 0.40800000000000003 0.4186666671875 0.4 0.45066666718750004 0.396 0.52 0.42800000000000005 0.6586666671875 0.434 0.8640000000000001 0.446 0.8746666671875
3 0.364 0.8293333328125 0.374 0.8026666671875 0.398 0.8106666671875 0.4 0.8293333328125 0.42800000000000005 0.8293333328125 0.42400000000000004 0.6373333328124999 0.41200000000000003 0.6106666671875 0.394 0.49866666718749997 0.40800000000000003 0.3973333328125 0.40199999999999997 0.36266666718749996 0.38 0.352 0.364 0.3653333328125 0.368 0.4266666671875 0.34199999999999997 0.44266666718750003 0.33399999999999996 0.4693333328125 0.32999999999999996 0.5253333328124999 0.348 0.5599999999999999 0.344 0.8293333328125 0.364 0.8293333328125
3 0.186 0.5813333328125 0.142 0.5813333328125 0.144 0.6026666671875 0.16599999999999998 0.624 0.196 0.6186666671875 0.186 0.5813333328125
3 0.08399999999999999 0.6053333328125 0.08199999999999999 0.488 0.072 0.48266666718750006 0.05600000000000001 0.5013333328125 0.05 0.5226666671875 0.06 0.5386666671875 0.062 0.6 0.08399999999999999 0.6053333328125
0 0.02 0.6826666671875 0.018 0.704 0.046 0.696 0.041999999999999996 0.6773333328125 0.02 0.6826666671875
0 0.05600000000000001 0.6746666671875 0.05 0.696 0.08399999999999999 0.704 0.08 0.6693333328125 0.05600000000000001 0.6746666671875
2 0.898 0.3253333328125 0.866 0.33599999999999997 0.8640000000000001 0.352 0.908 0.3573333328125 0.908 0.3333333328125 0.898 0.3253333328125
2 0.794 0.37333333281250003 0.772 0.3573333328125 0.76 0.36266666718749996 0.758 0.37066666718749997 0.794 0.40800000000000003 0.786 0.392 0.794 0.37333333281250003
2 0.74 0.41600000000000004 0.742 0.3973333328125 0.732 0.3786666671875 0.702 0.3866666671875 0.7 0.41600000000000004 0.714 0.392 0.73 0.3973333328125 0.74 0.41600000000000004
2 0.678 0.37333333281250003 0.6599999999999999 0.37333333281250003 0.65 0.3866666671875 0.65 0.4106666671875 0.678 0.38933333281250004 0.686 0.3946666671875 0.678 0.37333333281250003
2 0.6 0.33599999999999997 0.5820000000000001 0.33599999999999997 0.5700000000000001 0.352 0.572 0.376 0.584 0.368 0.61 0.376 0.6 0.33599999999999997
2 0.5 0.42400000000000004 0.49800000000000005 0.45599999999999996 0.526 0.4613333328125 0.522 0.42933333281249997 0.5 0.42400000000000004
2 0.426 0.32799999999999996 0.43200000000000005 0.36266666718749996 0.47400000000000003 0.3173333328125 0.446 0.30133333281249997 0.426 0.32799999999999996
2 0.40800000000000003 0.376 0.4 0.3573333328125 0.384 0.3493333328125 0.364 0.36266666718749996 0.364 0.3866666671875 0.374 0.3866666671875 0.38 0.37333333281250003 0.40800000000000003 0.376
2 0.06999999999999999 0.4933333328125 0.08199999999999999 0.4933333328125 0.06999999999999999 0.48266666718750006 0.06999999999999999 0.4933333328125
2 0.142 0.5786666671875 0.13999999999999999 0.5946666671874999 0.148 0.5973333328125 0.154 0.5786666671875 0.142 0.5786666671875