3 0.6921875 0.81328125 0.08125 0.3734375
0 0.7015625 0.671875 0.04375 0.071875
3 0.35078125 0.66875 0.03984375 0.16953125
0 0.35234375 0.59921875 0.0171875 0.01640625
3 0.4 0.66015625 0.03203125 0.140625
0 0.40234375 0.5984375 0.0109375 0.0125
3 0.38828125 0.5546875 0.0265625 0.06640625
0 0.38984375 0.53359375 0.0140625 0.01484375
3 0.490625 0.66875 0.025 0.128125
0 0.49140625 0.6125 0.0125 0.01484375
3 0.5703125 0.69296875 0.0296875 0.08515625
0 0.5671875 0.65859375 0.01484375 0.021875
3 0.51640625 0.67421875 0.0125 0.125
0 0.5171875 0.62109375 0.00859375 0.0140625
3 0.53515625 0.675 0.015625 0.11640625
0 0.5359375 0.6265625 0.0125 0.01171875