3 0.20625 0.634375 0.1953125 0.73125
0 0.24609375 0.32578125 0.10703125 0.1078125
3 0.3625 0.61796875 0.0859375 0.7640625
2 0.3625 0.3140625 0.0765625 0.14296875
3 0.553125 0.61328125 0.09765625 0.77265625
0 0.5546875 0.28671875 0.090625 0.10859375
3 0.9265625 0.6265625 0.10625 0.746875
0 0.9296875 0.30625 0.10234375 0.11953125
3 0.70390625 0.62421875 0.10625 0.66015625
2 0.69375 0.3515625 0.07578125 0.109375
3 0.8296875 0.35234375 0.07890625 0.4328125
2 0.8375 0.17734375 0.04921875 0.07890625
3 0.90625 0.32890625 0.05546875 0.33125
2 0.896875 0.2 0.028125 0.05703125
3 0.70234375 0.49921875 0.0765625 0.609375
0 0.703125 0.22890625 0.06953125 0.059375
3 0.38671875 0.16875 0.078125 0.14140625
0 0.396875 0.121875 0.04140625 0.03671875
3 0.28125 0.1796875 0.09296875 0.17890625
0 0.30078125 0.115625 0.05390625 0.04140625
3 0.1671875 0.17109375 0.06953125 0.190625
2 0.16875 0.11015625 0.053125 0.05703125
3 0.478125 0.33828125 0.05078125 0.2078125
0 0.4796875 0.26875 0.04765625 0.0515625