3 0.746 0.9064171125 0.732 0.9278074859375 0.738 0.997326203125 0.8460000000000001 0.997326203125 0.882 0.6604278078125 0.8800000000000001 0.5588235296875 0.8619999999999999 0.497326203125 0.818 0.4518716578125 0.8119999999999999 0.4251336890625 0.8240000000000001 0.36096256718749997 0.8 0.3235294125 0.77 0.320855615625 0.748 0.3395721921875 0.74 0.4171123 0.756 0.4598930484375 0.724 0.5454545453125 0.704 0.72459893125 0.702 0.8315508015624999 0.71 0.8716577546875 0.728 0.8716577546875 0.746 0.9064171125
3 0.46269600000000005 0.7259759359375 0.466 0.716577540625 0.47931 0.7136336890625 0.568 0.6951871656249999 0.584 0.7566844921875 0.576 0.9171123 0.588 0.997326203125 0.72 0.997326203125 0.72 0.9358288765625 0.6759999999999999 0.9304812828125 0.6639999999999999 0.903743315625 0.6639999999999999 0.8823529406249999 0.6980000000000001 0.8422459890624999 0.6980000000000001 0.7513368984375 0.726 0.5347593578125001 0.722 0.518716578125 0.686 0.5 0.678 0.47459893124999997 0.691592 0.4313930484375 0.678 0.3850267375 0.646 0.3663101609375 0.618 0.382352940625 0.60914 0.411644384375 0.614 0.45454545468749996 0.616524 0.492286096875 0.603602 0.5038048125000001 0.562376 0.522729946875 0.5346879999999999 0.56387433125 0.497154 0.652743315625 0.442 0.6764705875 0.43377600000000005 0.7037593578125 0.40978000000000003 0.72104010625 0.442392 0.756422459375 0.46269600000000005 0.7259759359375
3 0.358 0.997326203125 0.506 0.997326203125 0.516 0.8128342249999999 0.51 0.716577540625 0.46799999999999997 0.7192513375 0.45999999999999996 0.7352941171875 0.434 0.7085561499999999 0.44400000000000006 0.6604278078125 0.49000000000000005 0.6550802140624999 0.502 0.6443850265625 0.51 0.6042780750000001 0.54 0.5534759359375 0.528 0.497326203125 0.48 0.4572192515625 0.504 0.387700534375 0.502 0.36096256718749997 0.488 0.3368983953125 0.462 0.3288770046875 0.44000000000000006 0.3449197859375 0.43 0.3663101609375 0.42000000000000004 0.4465240640625 0.362 0.475935828125 0.346 0.497326203125 0.32599999999999996 0.585561496875 0.324 0.6524064171874999 0.356 0.7326203203125 0.35 0.9304812828125 0.358 0.997326203125
3 0.1685 0.8609625671875 0.188 0.8897058828125 0.186 0.9411764703125 0.148 0.9545454546875 0.134 0.98395721875 0.144 0.997326203125 0.254 0.997326203125 0.268 0.8433155078125001 0.29 0.80748663125 0.296 0.7700534765625 0.3 0.5534759359375 0.286 0.513368984375 0.254 0.4705882359375 0.258 0.44117647031249996 0.268 0.42780748593749995 0.27 0.39037433125 0.252 0.3449197859375 0.21800000000000003 0.3368983953125 0.198 0.3529411765625 0.192 0.3743315515625 0.194 0.4438502671875 0.186 0.4705882359375 0.128 0.513368984375 0.096 0.6684491984375 0.088 0.7700534765625 0.096 0.8556149734374999 0.10400000000000001 0.8636363640625 0.1685 0.8609625671875
3 0.16999999999999998 0.475935828125 0.16399999999999998 0.44919786093749997 0.124 0.409090909375 0.124 0.3556149734375 0.11599999999999999 0.3262032078125 0.10200000000000001 0.312834225 0.08 0.31550802187500004 0.086 0.387700534375 0.13799999999999998 0.4893048125 0.144 0.49465240625 0.16999999999999998 0.475935828125
3 0 0.5775401062500001 0.02 0.6029411765625 0.018 0.684491978125 0.03 0.7807486625 0.03 0.8663101609374999 0.09 0.8716577546875 0.08199999999999999 0.7700534765625 0.092 0.7272727265625 0.092 0.6497326203125 0.122 0.5106951875 0.136 0.4893048125 0.10200000000000001 0.41443850312499997 0.08399999999999999 0.31818181874999996 0.028000000000000004 0.31818181874999996 0.006 0.3689839578125 0.016 0.44919786093749997 0 0.46791443906249996 0 0.5775401062500001
3 0.554 0.521390375 0.532 0.486631015625 0.53 0.44117647031249996 0.516 0.4251336890625 0.496 0.4304812828125 0.49000000000000005 0.4598930484375 0.53 0.497326203125 0.548 0.5454545453125 0.554 0.521390375
3 0.516 0.716577540625 0.512 0.7540106953125 0.52 0.78609625625 0.526 0.716577540625 0.516 0.716577540625
3 0.27799999999999997 0.8128342249999999 0.268 0.997326203125 0.31 0.997326203125 0.354 0.72459893125 0.32 0.6497326203125 0.32 0.6176470593750001 0.33999999999999997 0.518716578125 0.362 0.4732620328125 0.394 0.45454545468749996 0.384 0.43582887656249997 0.394 0.3556149734375 0.382 0.33422459843749996 0.352 0.3288770046875 0.33599999999999997 0.3449197859375 0.33399999999999996 0.40641711249999996 0.324 0.4438502671875 0.296 0.4652406421875 0.288 0.49465240625 0.304 0.5534759359375 0.304 0.700534759375 0.298 0.783422459375 0.27799999999999997 0.8128342249999999
3 0.19 0.45454545468749996 0.16799999999999998 0.41176470624999995 0.16799999999999998 0.377005346875 0.152 0.3663101609375 0.128 0.377005346875 0.13 0.41443850312499997 0.174 0.4705882359375 0.186 0.46791443906249996 0.19 0.45454545468749996
2 0.8019999999999999 0.37967914375 0.8220000000000001 0.39572192500000003 0.8240000000000001 0.3582887703125 0.806 0.3262032078125 0.766 0.320855615625 0.748 0.3368983953125 0.746 0.3716577546875 0.748 0.36096256718749997 0.79 0.3422459890625 0.8019999999999999 0.37967914375
2 0.666 0.42780748593749995 0.682 0.4251336890625 0.682 0.39572192500000003 0.6639999999999999 0.3716577546875 0.634 0.3689839578125 0.614 0.39037433125 0.614 0.41176470624999995 0.632 0.39572192500000003 0.6519999999999999 0.39572192500000003 0.666 0.42780748593749995
2 0.518 0.4251336890625 0.49400000000000005 0.4331550796875 0.492 0.44919786093749997 0.524 0.4572192515625 0.53 0.44919786093749997 0.518 0.4251336890625
2 0.49400000000000005 0.36096256718749997 0.49400000000000005 0.39572192500000003 0.502 0.398395721875 0.502 0.3502673796875 0.47800000000000004 0.3262032078125 0.44800000000000006 0.3315508015625 0.43200000000000005 0.3556149734375 0.43 0.3743315515625 0.446 0.3422459890625 0.48 0.3395721921875 0.49400000000000005 0.36096256718749997
2 0.382 0.36096256718749997 0.388 0.382352940625 0.394 0.3716577546875 0.394 0.3529411765625 0.382 0.33422459843749996 0.354 0.3288770046875 0.33599999999999997 0.3449197859375 0.33399999999999996 0.382352940625 0.347018 0.35795454531250004 0.369 0.36096256718749997 0.382 0.36096256718749997
2 0.256 0.403743315625 0.27 0.40106951874999996 0.26 0.3529411765625 0.24 0.3368983953125 0.21200000000000002 0.3368983953125 0.192 0.3689839578125 0.192 0.39572192500000003 0.21000000000000002 0.3663101609375 0.238 0.3663101609375 0.256 0.403743315625
2 0.172 0.387700534375 0.16599999999999998 0.3743315515625 0.15 0.3663101609375 0.13 0.3716577546875 0.128 0.40106951874999996 0.142 0.39572192500000003 0.16799999999999998 0.40641711249999996 0.172 0.387700534375
2 0.06999999999999999 0.382352940625 0.086 0.3716577546875 0.074 0.31818181874999996 0.028000000000000004 0.31818181874999996 0.02 0.3288770046875 0.036 0.3636363640625 0.05600000000000001 0.36096256718749997 0.06999999999999999 0.382352940625
2 0.11599999999999999 0.3235294125 0.09 0.310160428125 0.074 0.31550802187500004 0.088 0.3689839578125 0.122 0.3716577546875 0.11599999999999999 0.3235294125