3 0.8099999999999999 0.996996996875 0.806 0.9339339343749999 0.82 0.8708708703125 0.8140000000000001 0.7987987984375 0.828 0.7147147140625 0.8240000000000001 0.6636636640625 0.806 0.615615615625 0.796 0.54354354375 0.784 0.522522521875 0.754 0.522522521875 0.738 0.5645645640625 0.758 0.6546546546875 0.732 0.8018018015624999 0.748 0.996996996875 0.8099999999999999 0.996996996875
3 0.6599999999999999 0.996996996875 0.7 0.996996996875 0.7 0.8198198203124999 0.714 0.633633634375 0.708 0.5795795796875 0.692 0.5555555562500001 0.6900000000000001 0.48048048125 0.6639999999999999 0.47747747812499997 0.648 0.4894894890625 0.646 0.5645645640625 0.654 0.624624625 0.642 0.78078078125 0.6559999999999999 0.8168168171874999 0.6599999999999999 0.996996996875
3 0.692 0.53153153125 0.6900000000000001 0.552552553125 0.712 0.5855855859375 0.712 0.54354354375 0.692 0.53153153125
3 0.6 0.90690690625 0.5780000000000001 0.9489489484375 0.618 0.9519519515624999 0.634 0.9429429421875 0.636 0.73123123125 0.644 0.675675675 0.634 0.5765765765624999 0.616 0.4924924921875 0.5980000000000001 0.46846846875 0.58 0.48048048125 0.588 0.5675675671875 0.572 0.6666666671875 0.5980000000000001 0.8168168171874999 0.6 0.90690690625
3 0.5519999999999999 0.7897897890625 0.5700000000000001 0.7957957953125 0.5780000000000001 0.7867867875 0.5820000000000001 0.7357357359375001 0.572 0.6306306312500001 0.5900000000000001 0.5465465468749999 0.576 0.5105105109375 0.558 0.5585585578125001 0.5660000000000001 0.603603603125 0.5599999999999999 0.6426426421875 0.564 0.7387387390625 0.5519999999999999 0.7897897890625
3 0.48 0.852852853125 0.49000000000000005 0.8198198203124999 0.48 0.6366366359375 0.49800000000000005 0.6006006 0.484 0.5495495499999999 0.462 0.525525525 0.45599999999999996 0.4894894890625 0.438 0.49549549531250003 0.44000000000000006 0.5375375375 0.42400000000000004 0.5585585578125001 0.442 0.8018018015624999 0.43200000000000005 0.8378378375000001 0.45599999999999996 0.83183183125 0.48 0.852852853125
3 0.38 0.8378378375000001 0.378 0.708708709375 0.392 0.6696696703125 0.386 0.60660660625 0.392 0.552552553125 0.384 0.5375375375 0.39 0.48048048125 0.364 0.471471471875 0.33199999999999996 0.54354354375 0.32799999999999996 0.6006006 0.344 0.852852853125 0.374 0.8618618625 0.38 0.8378378375000001
3 0.23399999999999999 0.9339339343749999 0.24 0.9489489484375 0.282 0.9519519515624999 0.29 0.939939940625 0.272 0.924924925 0.286 0.6216216218749999 0.272 0.5135135140625 0.292 0.453453453125 0.292 0.4144144140625 0.284 0.402402403125 0.264 0.39939939999999996 0.25 0.4144144140625 0.246 0.453453453125 0.21400000000000002 0.5555555562500001 0.21400000000000002 0.6516516515624999 0.22799999999999998 0.76876876875 0.20800000000000002 0.91891891875 0.23399999999999999 0.9339339343749999
3 0.066 0.777777778125 0.076 0.8078078078125 0.086 0.8828828828124999 0.08399999999999999 0.93093093125 0.068 0.996996996875 0.146 0.996996996875 0.16599999999999998 0.8948948953125001 0.176 0.7117117109375 0.16799999999999998 0.603603603125 0.15 0.5375375375 0.16799999999999998 0.4924924921875 0.16599999999999998 0.4414414421875 0.158 0.4264264265625 0.13 0.41741741718750003 0.11000000000000001 0.4354354359375 0.10600000000000001 0.4854864859375 0.066 0.5795795796875 0.052000000000000005 0.678678678125 0.06 0.7387387390625 0.05600000000000001 0.774774775 0.066 0.777777778125
3 0.36 0.471471471875 0.33999999999999997 0.48348348281250003 0.33599999999999997 0.5165165171874999 0.302 0.5375375375 0.298 0.552552553125 0.32599999999999996 0.5705705703125 0.354 0.51951951875 0.36 0.471471471875
3 0.33199999999999996 0.615615615625 0.33199999999999996 0.783783784375 0.33999999999999997 0.783783784375 0.33999999999999997 0.6366366359375 0.33199999999999996 0.615615615625
2 0.784 0.522522521875 0.758 0.51951951875 0.748 0.53153153125 0.748 0.5735735734375 0.794 0.5855855859375 0.798 0.552552553125 0.784 0.522522521875
2 0.692 0.48048048125 0.6519999999999999 0.48348348281250003 0.654 0.522522521875 0.678 0.540540540625 0.692 0.5285285281250001 0.692 0.48048048125
2 0.58 0.47447447499999995 0.5820000000000001 0.5105105109375 0.616 0.5165165171874999 0.61 0.47447447499999995 0.58 0.47447447499999995
2 0.454 0.48648648593750005 0.43600000000000005 0.49549549531250003 0.438 0.5105105109375 0.454 0.49549549531250003 0.46399999999999997 0.5015015015625 0.454 0.48648648593750005
2 0.362 0.471471471875 0.36 0.49549549531250003 0.392 0.4894894890625 0.386 0.471471471875 0.362 0.471471471875
2 0.29 0.40540540468749997 0.27999999999999997 0.39939939999999996 0.262 0.39939939999999996 0.248 0.42042042031250004 0.25 0.471471471875 0.282 0.4624624625 0.294 0.4354354359375 0.29 0.40540540468749997
2 0.142 0.41741741718750003 0.11000000000000001 0.4324324328125 0.11000000000000001 0.48648648593750005 0.15 0.47447447499999995 0.16799999999999998 0.44744744687500004 0.142 0.41741741718750003