3 0.23333333281250002 0.80625 0.26875 0.8 0.30416666718749996 0.765625 0.3145833328125 0.803125 0.3375 0.809375 0.325 0.753125 0.31875 0.56875 0.3125 0.553125 0.31875 0.475 0.30416666718749996 0.4625 0.3020833328125 0.446875 0.3104166671875 0.434375 0.3125 0.403125 0.31875 0.403125 0.3229166671875 0.3625 0.2854166671875 0.3375 0.2916666671875 0.290625 0.2708333328125 0.265625 0.2479166671875 0.271875 0.24583333281250003 0.3125 0.25833333281250004 0.35 0.23125 0.384375 0.22291666718749997 0.50625 0.2208333328125 0.56875 0.2416666671875 0.596875 0.2520833328125 0.765625 0.23333333281250002 0.80625
3 0.3172041671875 0.558209375 0.3314125 0.702740625 0.3408833328125 0.7833 0.3408833328125 0.818840625 0.3282541671875 0.823578125 0.3282541671875 0.842534375 0.3756125 0.8354250000000001 0.3708770828125 0.676678125 0.38508333281249996 0.799884375 0.3866625 0.847271875 0.3977125 0.868596875 0.42296875 0.802253125 0.41034166718750004 0.586640625 0.4134979171875 0.5084531250000001 0.4150770828125 0.45632812500000003 0.35666875 0.47291249999999996 0.3282541671875 0.432634375 0.4145833328125 0.403125 0.425 0.365625 0.4125 0.3375 0.3854166671875 0.321875 0.3875 0.26875 0.36666666718749996 0.23125 0.35 0.228125 0.3375 0.253125 0.35208333281250004 0.33125 0.3291666671875 0.359375 0.31246874999999996 0.461065625 0.3172041671875 0.558209375
3 0.88125 0.703125 0.8791666671874999 0.93125 0.8916666671875 0.975 0.8895833328125 0.996875 0.9875 0.996875 0.9979166671874999 0.965625 0.9979166671874999 0.309375 0.975 0.296875 0.9875 0.20625 0.96875 0.1625 0.93125 0.159375 0.9104166671874999 0.18125 0.9041666671874999 0.246875 0.9208333328125 0.2875 0.91875 0.3 0.8583333328125 0.35 0.8520833328125 0.403125 0.8604166671875 0.434375 0.86875 0.61875 0.88125 0.703125
3 0.8708333328125001 0.28125 0.8541666671874999 0.25625 0.8333333328125001 0.25625 0.8208333328125 0.275 0.825 0.321875 0.8166666671874999 0.36875 0.85 0.390625 0.8708333328125001 0.28125
3 0.7354166671875 0.94375 0.7125 0.996875 0.81875 0.996875 0.825 0.98125 0.8270833328125 0.703125 0.8333333328125001 0.684375 0.85 0.675 0.8666666671875 0.578125 0.85 0.396875 0.8020833328125001 0.365625 0.7833333328125 0.340625 0.79375 0.265625 0.7708333328125 0.23125 0.7395833328125 0.23125 0.7229166671875 0.25625 0.7208333328125 0.3 0.7375 0.359375 0.6958333328124999 0.40625 0.6854166671875 0.521875 0.6833333328125 0.609375 0.6895833328125 0.65 0.7104166671875001 0.684375 0.7354166671875 0.94375
3 0.5708333328124999 0.790625 0.56875 0.878125 0.5479166671875 0.91875 0.5625 0.928125 0.5916666671875 0.9125 0.61875 0.95 0.6333333328124999 0.95 0.6520833328125 0.834375 0.6520833328125 0.60625 0.6354166671875 0.521875 0.6666666671875 0.503125 0.6770833328125 0.484375 0.6770833328125 0.4625 0.6416666671875 0.384375 0.6104166671875 0.371875 0.60625 0.3125 0.5875 0.3 0.5770833328125 0.275 0.5520833328125 0.28125 0.54375 0.303125 0.5479166671875 0.346875 0.5666666671875 0.384375 0.5395833328124999 0.425 0.53125 0.53125 0.53125 0.65 0.5416666671875 0.646875 0.5604166671875 0.6640625 0.5708333328124999 0.790625
3 0.425 0.390625 0.4145833328125 0.4125 0.3416666671875 0.43125 0.34375 0.45 0.35625 0.4625 0.4166666671875 0.4375 0.42291666718750004 0.4625 0.42083333281249996 0.565625 0.4375 0.596875 0.4479166671875 0.68125 0.44375 0.85625 0.425 0.875 0.43541666718750005 0.884375 0.4791666671875 0.86875 0.4916666671875 0.903125 0.5041666671875 0.90625 0.5375 0.871875 0.5395833328124999 0.78125 0.5270833328125 0.5625 0.5395833328124999 0.415625 0.5541666671875001 0.390625 0.5354166671875 0.321875 0.49583333281249997 0.290625 0.48541666718750004 0.225 0.46458333281249997 0.203125 0.44166666718750003 0.215625 0.43541666718750005 0.265625 0.4479166671875 0.31875 0.43125 0.353125 0.425 0.390625
0 0.98125 0.21875 0.9875 0.2125 0.975 0.16875 0.9604166671875 0.15625 0.9291666671875 0.159375 0.90625 0.190625 0.9041666671874999 0.2375 0.9541666671875 0.203125 0.98125 0.203125 0.98125 0.21875
0 0.8395833328125001 0.253125 0.8208333328125 0.271875 0.8208333328125 0.303125 0.8729166671874999 0.284375 0.85625 0.25625 0.8395833328125001 0.253125
0 0.7958333328125 0.28125 0.7854166671875 0.240625 0.7520833328125 0.225 0.7333333328125 0.234375 0.7208333328125 0.2625 0.7229166671875 0.303125 0.7229166671875 0.290625 0.7625 0.26875 0.7958333328125 0.28125
0 0.5791666671875 0.271875 0.55 0.278125 0.54375 0.29375 0.5458333328125 0.3375 0.5791666671875 0.309375 0.60625 0.309375 0.5791666671875 0.271875
0 0.4625 0.2 0.4458333328125 0.20625 0.4375 0.23125 0.43541666718750005 0.259375 0.4479166671875 0.246875 0.49375 0.240625 0.4625 0.2
0 0.3479166671875 0.228125 0.3375 0.24375 0.33541666718749996 0.275 0.3875 0.26875 0.3729166671875 0.23125 0.3479166671875 0.228125
0 0.2520833328125 0.2625 0.24583333281250003 0.275 0.24375 0.3 0.29375 0.29375 0.26875 0.2625 0.2520833328125 0.2625