3 0.312 0.9973333328124999 0.5740000000000001 0.9973333328124999 0.5860000000000001 0.8453333328125 0.5980000000000001 0.8293333328125 0.63 0.8533333328125 0.648 0.8560000000000001 0.6639999999999999 0.8266666671875 0.6599999999999999 0.7546666671875 0.63 0.6666666671875 0.622 0.6 0.6 0.5493333328125 0.568 0.52 0.496 0.49066666718749996 0.476 0.45599999999999996 0.504 0.4026666671875 0.514 0.36266666718749996 0.506 0.2533333328125 0.47800000000000004 0.2213333328125 0.4 0.2133333328125 0.352 0.256 0.344 0.2853333328125 0.346 0.3253333328125 0.352 0.38133333281250004 0.366 0.42400000000000004 0.352 0.4346666671875 0.33399999999999996 0.472 0.284 0.5013333328125 0.254 0.5306666671875 0.236 0.5733333328125 0.22000000000000003 0.7013333328125 0.22000000000000003 0.7706666671875 0.244 0.792 0.262 0.8773333328125 0.312 0.9973333328124999
3 0.654 0.6906666671874999 0.6679999999999999 0.8240000000000001 0.6639999999999999 0.8426666671874999 0.646 0.8613333328125 0.628 0.9973333328124999 0.718 0.9973333328124999 0.744 0.8640000000000001 0.752 0.776 0.746 0.45066666718750004 0.764 0.4266666671875 0.77 0.384 0.768 0.3386666671875 0.758 0.3226666671875 0.72 0.3226666671875 0.704 0.344 0.704 0.4266666671875 0.6559999999999999 0.48266666718750006 0.63 0.592 0.634 0.616 0.6519999999999999 0.6453333328124999 0.636 0.6719999999999999 0.654 0.6906666671874999
3 0.13999999999999999 0.8800000000000001 0.152 0.9946666671875001 0.288 0.992 0.294 0.976 0.284 0.968 0.27799999999999997 0.9279999999999999 0.246 0.8480000000000001 0.242 0.8 0.21400000000000002 0.7706666671875 0.22200000000000003 0.6346666671875 0.23399999999999999 0.568 0.252 0.528 0.284 0.496 0.23199999999999998 0.46666666718750005 0.244 0.44000000000000006 0.254 0.38133333281250004 0.246 0.3093333328125 0.22999999999999998 0.2853333328125 0.182 0.2773333328125 0.134 0.288 0.126 0.368 0.148 0.42933333281249997 0.148 0.44800000000000006 0.10800000000000001 0.5093333328125 0.094 0.5466666671875 0.096 0.7226666671875 0.118 0.8 0.142 0.8346666671875 0.13999999999999999 0.8800000000000001
3 0.99 0.4266666671875 0.96 0.48 0.932 0.6053333328125 0.924 0.6906666671874999 0.9019999999999999 0.728 0.8960000000000001 0.8320000000000001 0.852 0.9973333328124999 0.998 0.9973333328124999 0.998 0.4452 0.992 0.4373333328125 0.998 0.41826666718750005 0.998 0.1893333328125 0.954 0.2133333328125 0.944 0.23199999999999998 0.952 0.256 0.932 0.3493333328125 0.954 0.4106666671875 0.99 0.4266666671875
3 0.08 0.6106666671875 0.078 0.7226666671875 0.10200000000000001 0.7973333328125001 0.10200000000000001 0.8800000000000001 0.118 0.944 0.118 0.9893333328124999 0.142 0.9973333328124999 0.148 0.9813333328124999 0.13799999999999998 0.9306666671875 0.132 0.8133333328125 0.11399999999999999 0.8026666671875 0.092 0.7146666671874999 0.096 0.6586666671875 0.09 0.5866666671874999 0.10200000000000001 0.5146666671875 0.134 0.47466666718750006 0.146 0.4373333328125 0.122 0.36266666718749996 0.10400000000000001 0.36266666718749996 0.078 0.3946666671875 0.068 0.42400000000000004 0.072 0.4693333328125 0.057999999999999996 0.49066666718749996 0.054000000000000006 0.52 0.08 0.6106666671875
3 0.286 0.496 0.31 0.48 0.31 0.4533333328125 0.27799999999999997 0.344 0.254 0.32 0.25 0.3253333328125 0.254 0.392 0.248 0.42933333281249997 0.22999999999999998 0.4613333328125 0.286 0.496
2 0.16599999999999998 0.4266666671875 0.178 0.4186666671875 0.186 0.376 0.2 0.3653333328125 0.22599999999999998 0.376 0.246 0.312 0.21800000000000003 0.2773333328125 0.16999999999999998 0.2853333328125 0.152 0.2773333328125 0.134 0.2906666671875 0.128 0.3226666671875 0.126 0.368 0.142 0.41600000000000004 0.15 0.4266666671875 0.16599999999999998 0.4266666671875
2 0.476 0.3973333328125 0.5 0.37066666718749997 0.514 0.3386666671875 0.508 0.2506666671875 0.48 0.21600000000000003 0.398 0.2106666671875 0.348 0.25866666718750003 0.346 0.3306666671875 0.38 0.3973333328125 0.41 0.40533333281250006 0.476 0.3973333328125
2 0.70699 0.41590133281249997 0.73063 0.4134746671875 0.74336 0.3795093328125 0.756 0.392 0.766 0.3786666671875 0.768 0.33599999999999997 0.76 0.3226666671875 0.74 0.3173333328125 0.7169920000000001 0.3249173328125 0.705172 0.3455413328125 0.703352 0.3685893328125 0.703352 0.39042666718749997 0.70699 0.41590133281249997
2 0.99 0.3173333328125 0.998 0.3066666671875 0.998 0.1893333328125 0.9560000000000001 0.2106666671875 0.944 0.24 0.9640000000000001 0.2533333328125 0.962 0.2773333328125 0.99 0.3173333328125
2 0.128 0.38933333281250004 0.124582 0.3642453328125 0.10791200000000001 0.3622213328125 0.092758 0.3773866671875 0.076088 0.39861599999999997 0.11399999999999999 0.40800000000000003 0.128 0.38933333281250004
2 0.279916 0.35312266718749996 0.26551800000000003 0.332904 0.25188 0.32582933281250004 0.25263800000000003 0.3561573328125 0.260214 0.3804186671875 0.26551800000000003 0.352112 0.279916 0.35312266718749996