3 0.0359375 0.5890625 0.071875 0.1953125
0 0.0234375 0.50390625 0.03671875 0.01875
3 0.046875 0.42578125 0.0578125 0.13203125
0 0.0453125 0.37421875 0.02578125 0.02421875
3 0.128125 0.46796875 0.065625 0.22890625
0 0.12109375 0.36796875 0.03125 0.0296875
3 0.203125 0.5203125 0.0640625 0.42265625
0 0.21328125 0.33203125 0.04296875 0.0390625
3 0.2765625 0.5140625 0.0609375 0.36953125
0 0.28125 0.35 0.0421875 0.040625
3 0.3296875 0.47109375 0.04375 0.359375
0 0.3328125 0.309375 0.0390625 0.0328125
3 0.37890625 0.43125 0.04765625 0.2453125
2 0.3671875 0.33046875 0.0265625 0.03125
3 0.5328125 0.44375 0.0640625 0.33359375
0 0.5421875 0.29375 0.03671875 0.03046875
3 0.5875 0.4234375 0.04453125 0.2453125
2 0.58046875 0.321875 0.02421875 0.03125