3 0.19609375 0.625 0.09375 0.5265625
0 0.17890625 0.39140625 0.046875 0.05546875
3 0.3015625 0.5890625 0.10546875 0.44609375
0 0.28984375 0.39375 0.0390625 0.040625
3 0.40078125 0.57421875 0.0859375 0.39296875
0 0.39453125 0.403125 0.04296875 0.04296875
3 0.4859375 0.58046875 0.07578125 0.38046875
0 0.4828125 0.41015625 0.0375 0.0390625
3 0.55078125 0.5609375 0.03984375 0.36796875
0 0.55390625 0.3921875 0.02578125 0.0328125
3 0.6140625 0.5765625 0.0828125 0.39921875
0 0.59140625 0.39921875 0.0375 0.0375
3 0.74921875 0.59453125 0.05859375 0.38046875
0 0.74375 0.421875 0.03046875 0.0359375
3 0.8171875 0.58828125 0.06484375 0.44453125
0 0.81640625 0.38671875 0.04375 0.03828125
3 0.8734375 0.62109375 0.05 0.53359375
0 0.871875 0.37890625 0.04140625 0.04609375
3 0.940625 0.68671875 0.0796875 0.6265625
3 0.93984375 0.40625 0.06953125 0.05859375