3 0.04453125 0.72578125 0.084375 0.5484375
0 0.040625 0.49609375 0.08125 0.0921875
3 0.12734375 0.74453125 0.09453125 0.51015625
0 0.11328125 0.54921875 0.0609375 0.11953125
3 0.2640625 0.72421875 0.0953125 0.5515625
0 0.2640625 0.484375 0.0890625 0.065625
3 0.365625 0.725 0.1 0.54921875
0 0.3625 0.4984375 0.0875 0.0890625
3 0.5328125 0.70859375 0.13984375 0.5828125
0 0.52421875 0.45703125 0.0796875 0.07109375
3 0.6578125 0.68828125 0.078125 0.6234375
3 0.6609375 0.4171875 0.06796875 0.06640625
3 0.72578125 0.6828125 0.0546875 0.634375
0 0.72421875 0.39296875 0.0515625 0.0515625
3 0.79765625 0.6953125 0.06015625 0.609375
0 0.80234375 0.43671875 0.059375 0.075
3 0.9 0.69453125 0.1265625 0.6109375
0 0.88203125 0.42421875 0.071875 0.0671875