3 0.91953125 0.56171875 0.1609375 0.8640625
2 0.96171875 0.23203125 0.07578125 0.20078125
3 0.74765625 0.61875 0.1796875 0.75390625
0 0.78984375 0.31171875 0.0953125 0.11953125
3 0.475 0.37734375 0.103125 0.36171875
0 0.46640625 0.234375 0.0796875 0.06953125
3 0.371875 0.3828125 0.08984375 0.34609375
0 0.37421875 0.26484375 0.08359375 0.09609375
3 0.30390625 0.20859375 0.05390625 0.159375
0 0.30625 0.1609375 0.05078125 0.0546875
3 0.234375 0.59296875 0.08203125 0.80859375
0 0.25546875 0.26015625 0.0953125 0.11015625
3 0.08046875 0.5734375 0.1390625 0.69765625
0 0.1 0.2734375 0.08515625 0.0875
3 0.16484375 0.2796875 0.078125 0.2609375
0 0.159375 0.19453125 0.065625 0.078125
3 0.0546875 0.33671875 0.07890625 0.42578125
0 0.06640625 0.146875 0.07578125 0.0296875