3 0.858 0.3615819203125 0.842 0.6468926546875 0.866 0.70338983125 0.876 0.8813559328125 0.9 0.997175140625 0.998 0.997175140625 0.998 0.8841807906250001 0.9880000000000001 0.8135593218749999 0.9880000000000001 0.68361581875 0.998 0.6214689265625 0.992 0.6073446328125 0.998 0.5875706218750001 0.998 0.46892655312500003 0.99 0.4519774015625 0.998 0.40677966093749995 0.992 0.40112994375 0.99 0.3474576265625 0.998 0.3022598875 0.9560000000000001 0.25988700625 0.9400000000000001 0.22881355937499998 0.9460000000000001 0.1497175140625 0.9359999999999999 0.129943503125 0.906 0.11864406718750001 0.8880000000000001 0.129943503125 0.8720000000000001 0.158192090625 0.874 0.22881355937499998 0.89 0.2768361578125 0.868 0.31920903906250003 0.858 0.3615819203125
3 0.686 0.3502824859375 0.624 0.5 0.61 0.502824859375 0.562 0.5621468921874999 0.532 0.5790960453125 0.532 0.6214689265625 0.558 0.6101694921874999 0.562 0.5903954796875001 0.5900000000000001 0.5903954796875001 0.5940000000000001 0.573446328125 0.63 0.556497175 0.634 0.54237288125 0.6639999999999999 0.5480225984375 0.6679999999999999 0.6525423734375 0.682 0.7203389828125 0.6940000000000001 0.997175140625 0.776 0.997175140625 0.794 0.7514124296875 0.792 0.6779661015625 0.8300000000000001 0.5790960453125 0.8400000000000001 0.497175140625 0.794 0.3615819203125 0.746 0.299435028125 0.772 0.214689265625 0.756 0.17231638437500002 0.714 0.1497175140625 0.6900000000000001 0.1638418078125 0.674 0.1892655375 0.6639999999999999 0.24011299375 0.67 0.282485875 0.688 0.31920903906250003 0.686 0.3502824859375
3 0.186 0.799435028125 0.20600000000000002 0.8841807906250001 0.196 0.997175140625 0.33799999999999997 0.997175140625 0.344 0.841807909375 0.33999999999999997 0.7485875703125 0.32999999999999996 0.7118644062499999 0.33199999999999996 0.5508474578125 0.35 0.54237288125 0.40800000000000003 0.5903954796875001 0.496 0.6214689265625 0.512 0.6186440671875 0.522 0.5960451984375 0.48200000000000004 0.5480225984375 0.462 0.5508474578125 0.426 0.5282485875 0.362 0.45480225937499996 0.33799999999999997 0.384180790625 0.32 0.3587570625 0.32 0.31920903906250003 0.346 0.22316384218750002 0.33599999999999997 0.158192090625 0.306 0.11299435 0.26 0.1214689265625 0.24 0.15536723125000002 0.23199999999999998 0.21751412499999997 0.242 0.28813559375 0.196 0.341807909375 0.176 0.3813559328125 0.16799999999999998 0.4152542375 0.16999999999999998 0.5875706218750001 0.186 0.6920903953125 0.186 0.799435028125
3 0.062 0.8220338984375 0.088 0.7937853109375 0.046 0.601694915625 0.038 0.531073446875 0.008 0.44067796562500006 0 0.42937853125 0.002 0.997175140625 0.08 0.997175140625 0.062 0.8220338984375
3 0.982 0.17796610156249998 0.95 0.1751412421875 0.9359999999999999 0.19491525468749998 0.9480000000000001 0.242937853125 0.998 0.29378531093750004 0.998 0.21751412499999997 0.982 0.17796610156249998
3 0.575774 0.221437853125 0.583476 0.26999435 0.587624 0.3009689265625 0.566294 0.3252457625 0.53252 0.359567796875 0.5105959999999999 0.520302259375 0.52067 0.586435028125 0.563332 0.7111694921875 0.568072 0.8091158187499999 0.549704 0.9966384187499999 0.611326 0.997175140625 0.61251 0.8995282484375 0.6231760000000001 0.732935028125 0.6397660000000001 0.8760875703125001 0.6344339999999999 0.997175140625 0.686576 0.9966384187499999 0.691316 0.331943503125 0.642136 0.293435028125 0.651616 0.2532514125 0.652802 0.22897457656250003 0.65932 0.20469491562500003 0.6451 0.1804180796875 0.6373960000000001 0.1486073453125 0.609778 0.1393587578125 0.589994 0.15279378593749998 0.581106 0.17623446250000002 0.572812 0.20804519843749997 0.575774 0.221437853125
3 0.33817400000000003 0.997175140625 0.369576 0.997175140625 0.378464 0.88111016875 0.40216599999999997 0.680194915625 0.39861 0.59062146875 0.40453599999999995 0.478443503125 0.41757 0.637502825 0.40868399999999994 0.6760113 0.43475400000000003 0.699449153125 0.44897400000000004 0.6559180796875 0.44719600000000004 0.6232711859375 0.440086 0.60736440625 0.44067999999999996 0.556299434375 0.439494 0.503559321875 0.42705200000000004 0.457514125 0.42645799999999995 0.4181694921875 0.42408799999999996 0.3855197734375 0.42231199999999997 0.3202231640625 0.41105400000000003 0.28087570624999997 0.3915 0.2540875703125 0.398018 0.251576271875 0.40868399999999994 0.24320621406249998 0.416386 0.21809039531250002 0.418756 0.196324859375 0.413424 0.17623446250000002 0.41105400000000003 0.157816384375 0.431792 0.1628389828125 0.42053399999999996 0.1444209046875 0.4152 0.1226553671875 0.40927600000000003 0.0992146890625 0.394462 0.080799434375 0.387944 0.066567796875 0.361282 0.06321751406250001 0.351802 0.07410169531250001 0.33995000000000003 0.0883333328125 0.331656 0.11009887031250001 0.330518 0.14145197812500002 0.34232 0.2247881359375 0.315064 0.3252457625 0.33817400000000003 0.997175140625
2 0.914 0.1497175140625 0.93 0.1920903953125 0.9480000000000001 0.169491525 0.9380000000000001 0.129943503125 0.9179999999999999 0.11864406718750001 0.884 0.1327683609375 0.8720000000000001 0.158192090625 0.8720000000000001 0.186440678125 0.8859999999999999 0.1610169484375 0.9039999999999999 0.1497175140625 0.914 0.1497175140625
2 0.748 0.28813559375 0.77 0.23163841875000002 0.77 0.20621468906249998 0.752 0.1666666671875 0.714 0.1497175140625 0.706 0.1920903953125 0.71 0.22033898281250003 0.738 0.282485875 0.748 0.28813559375
2 0.96 0.17231638437500002 0.9460000000000001 0.18361581875 0.9640000000000001 0.22881355937499998 0.998 0.23446327656250002 0.982 0.1751412421875 0.96 0.17231638437500002
0 0.64 0.1638418078125 0.614 0.1384180796875 0.5940000000000001 0.1497175140625 0.576 0.1807909609375 0.5740000000000001 0.21751412499999997 0.618 0.1977401125 0.654 0.214689265625 0.64 0.1638418078125
0 0.41 0.1045197734375 0.386 0.0677966109375 0.352 0.07062146875 0.33199999999999996 0.11016949218750001 0.32999999999999996 0.1412429375 0.33799999999999997 0.158192090625 0.426 0.15536723125000002 0.41 0.1045197734375
0 0.288 0.2259887 0.33399999999999996 0.2372881359375 0.352 0.23163841875000002 0.32799999999999996 0.129943503125 0.31 0.11299435 0.26 0.11864406718750001 0.244 0.144067796875 0.23199999999999998 0.1892655375 0.22999999999999998 0.21751412499999997 0.24 0.2485875703125 0.272 0.2457627125 0.288 0.2259887