3 0.88359375 0.678125 0.15546875 0.54921875
2 0.86640625 0.4765625 0.08515625 0.159375
3 0.77265625 0.72578125 0.07734375 0.21171875
2 0.7625 0.66015625 0.04140625 0.08359375
3 0.7015625 0.6015625 0.1890625 0.76953125
1 0.67109375 0.3140625 0.12578125 0.20859375
3 0.54921875 0.59921875 0.1203125 0.76640625
1 0.54609375 0.34140625 0.090625 0.2265625
3 0.4015625 0.65234375 0.07109375 0.434375
2 0.40390625 0.47890625 0.0609375 0.071875
3 0.33984375 0.6734375 0.06328125 0.41796875
2 0.3390625 0.49921875 0.04140625 0.08984375
3 0.2921875 0.6671875 0.04609375 0.434375
2 0.28984375 0.4953125 0.021875 0.08515625
3 0.1390625 0.503125 0.26328125 0.99375