3 0.1953125 0.7671875 0.1734375 0.465625
3 0.684375 0.7109375 0.171875 0.578125
3 0.33203125 0.84765625 0.096875 0.3046875
3 0.36328125 0.77421875 0.13359375 0.4515625
3 0.52578125 0.84140625 0.0765625 0.3171875
3 0.9078125 0.86796875 0.09453125 0.26328125
1 0.225 0.6359375 0.0953125 0.1875
2 0.31015625 0.74609375 0.06015625 0.10546875
2 0.31953125 0.61875 0.05234375 0.09375
2 0.91015625 0.8265625 0.07890625 0.15234375
1 0.52578125 0.74375 0.07265625 0.1125
1 0.67734375 0.5140625 0.13515625 0.21796875