3 0.0421875 0.77890625 0.084375 0.44140625
3 0.13203125 0.78125 0.08515625 0.43671875
3 0.2703125 0.8265625 0.09375 0.346875
3 0.3296875 0.78203125 0.08046875 0.43515625
3 0.56640625 0.7703125 0.2546875 0.459375
3 0.75625 0.78515625 0.09609375 0.4296875
3 0.83359375 0.83125 0.05 0.3375
1 0.03046875 0.61015625 0.06015625 0.09765625
1 0.12734375 0.64375 0.06953125 0.10859375
1 0.28359375 0.6734375 0.04375 0.07265625
1 0.33203125 0.59375 0.05 0.08046875
1 0.5703125 0.715625 0.23046875 0.31640625
1 0.75 0.709375 0.109375 0.2328125
1 0.85 0.7125 0.0734375 0.09375