3 0.33359375 0.6875 0.08203125 0.6203125
3 0.45234375 0.38984375 0.071875 0.23828125
3 0.38046875 0.49140625 0.0375 0.2265625
3 0.40859375 0.42734375 0.01484375 0.07734375
3 0.7078125 0.64609375 0.109375 0.7078125
3 0.5359375 0.5953125 0.271875 0.80859375
3 0.153125 0.64765625 0.259375 0.7046875
3 0.8328125 0.6671875 0.1546875 0.665625
3 0.95078125 0.6421875 0.0984375 0.715625
1 0.15546875 0.4359375 0.196875 0.28828125
1 0.5375 0.30703125 0.184375 0.2171875
1 0.7 0.37109375 0.11953125 0.15859375
1 0.84375 0.4265625 0.1171875 0.178125
1 0.92421875 0.36328125 0.11953125 0.16875
2 0.3171875 0.43828125 0.0515625 0.11875
2 0.37734375 0.4 0.025 0.04609375