3 0.48046875 0.58984375 0.34609375 0.8203125
1 0.5109375 0.3 0.25703125 0.2171875
3 0.7625 0.6828125 0.13203125 0.6
1 0.77109375 0.4484375 0.07890625 0.165625
3 0.92265625 0.67578125 0.1546875 0.6484375
1 0.9265625 0.446875 0.1109375 0.19140625
3 0.66796875 0.52109375 0.09296875 0.2484375
1 0.6859375 0.4859375 0.0640625 0.17109375
3 0.25859375 0.55390625 0.11796875 0.25703125
1 0.2515625 0.49453125 0.0609375 0.12578125
3 0.09453125 0.64609375 0.1609375 0.6171875
1 0.09296875 0.43984375 0.12109375 0.18828125
3 0.19453125 0.5296875 0.06796875 0.2375
1 0.1984375 0.48828125 0.0390625 0.13125