3 0.6828125 0.665625 0.09921875 0.5640625
1 0.68125 0.4359375 0.08515625 0.0953125
3 0.58828125 0.64765625 0.0828125 0.62578125
1 0.57890625 0.38515625 0.05078125 0.0875
3 0.4828125 0.60546875 0.125 0.7890625
1 0.49453125 0.29453125 0.09609375 0.15703125
3 0.35625 0.703125 0.07265625 0.59375
1 0.35390625 0.45859375 0.0546875 0.0859375
3 0.28203125 0.69453125 0.0703125 0.6109375
1 0.2796875 0.434375 0.05625 0.08515625
3 0.14609375 0.68671875 0.1 0.61640625
1 0.14921875 0.4359375 0.08515625 0.14140625
3 0.2234375 0.4890625 0.04609375 0.17578125
1 0.2203125 0.4546875 0.03828125 0.09921875
3 0.05625 0.46015625 0.0734375 0.17109375
1 0.05625 0.41640625 0.0609375 0.0765625