3 0.2751588453125 0.96595604375 0.26127436875 0.8754890109375 0.24572563125000002 0.751208790625 0.2373971125 0.6429890109375 0.38233934999999997 0.6624340656250001 0.412324909375 0.6218516484375 0.42010108281249997 0.556752746875 0.38677978281250003 0.5635164828125 0.3290252703125 0.560978021875 0.2535018046875 0.5305439562500001 0.215184115625 0.4586758234375 0.2018555953125 0.38343406562500004 0.23295306875000002 0.3394670328125 0.244061371875 0.24308241718749998 0.244617328125 0.1653021984375 0.200187725 0.121340659375 0.141324909375 0.10442857187500001 0.0996714796875 0.20673076875000002 0.09356317656249999 0.3166428578125 0.0408086640625 0.379203296875 0.0013790609375 0.4747417578125 0.013039710937499999 0.99450549375 0.2701624546875 0.99450549375 0.2751588453125 0.96595604375
3 0.9548880859375 0.3783571421875 0.9776570390625 0.3352417578125 0.9787689531250001 0.2194120875 0.9471155234375 0.1627637359375 0.9193465703125 0.1196483515625 0.8815848374999999 0.112884615625 0.8415992781250001 0.10442857187500001 0.7999494578124999 0.10527472499999999 0.779956678125 0.1619230765625 0.76663176875 0.22786813125 0.7399747296875 0.2845109890625 0.759411553125 0.32086813125 0.73719855625 0.3606043953125 0.7871768953125 0.46713186875 0.69110469375 0.7182362640625 0.65953790625 0.99450549375 0.9963898921875 0.99450549375 0.9963898921875 0.47051648281249997 0.9548880859375 0.3783571421875
3 0.5339458484375 0.2591483515625 0.5295018046875 0.3124120875 0.5272815890625 0.3546868125 0.5528267140625001 0.3445384609375 0.559490975 0.37159340625000004 0.514509025 0.45783516406249997 0.49618050468749997 0.5322307687500001 0.4834079421875 0.666659340625 0.4834079421875 0.755434065625 0.481187725 0.8966263734375 0.47841155312500006 0.9617307687500001 0.4778555953125 0.99450549375 0.6550072203124999 0.99450549375 0.74997111875 0.5753516484375 0.738306859375 0.4443076921875 0.6738880859374999 0.3301703296875 0.6783321296875 0.27859340625 0.693324909375 0.1830549453125 0.685552346875 0.138247253125 0.6494548734375 0.08836813125000001 0.6039169671875 0.09259340625 0.57170758125 0.1111923078125 0.5450505421875 0.1458571421875 0.5339458484375 0.184747253125 0.5289458484375 0.21349450625 0.5222815890625 0.2540769234375 0.5339458484375 0.2591483515625
3 0.5011805046875 0.6497527468750001 0.51506498125 0.5127857140625001 0.5456064984375 0.4443076921875 0.5411624546875 0.4240164828125 0.526169675 0.3808956046875 0.524505415625 0.315796703125 0.5217292421875 0.2633736265625 0.49729241875 0.244774725 0.481187725 0.23209340625000002 0.45119855624999994 0.2422417578125 0.43231768906249995 0.2760604390625 0.43231768906249995 0.3166428578125 0.4178808671875 0.35045604375 0.4362057765625 0.36145055 0.4239891703125 0.3986483515625 0.45342238281249997 0.40541208749999996 0.4556426 0.42147802187499994 0.42176895312499996 0.44346153906249997 0.399552346875 0.6818791203125001 0.3895595671875 0.9549670328125 0.4139927796875 0.99450549375 0.49118411562500003 0.9854010984375 0.495628159375 0.8289890109375 0.5011805046875 0.6497527468750001
3 0.27349458437499996 0.99450549375 0.41288086718750006 0.99450549375 0.41843682343750005 0.455296703125 0.41066064999999996 0.41809340625 0.3901119140625 0.366521978125 0.371787003125 0.349615384375 0.34901805 0.30395604375 0.34846209375 0.25069230781249996 0.3279169671875 0.2337857140625 0.3112563171875 0.2151868125 0.27404693125 0.2295549453125 0.2529458484375 0.25576923125 0.2546101078125 0.29381318749999996 0.244617328125 0.3318571421875 0.26072202187500004 0.3479230765625 0.25849819531249996 0.384274725 0.29019855625 0.38376923125 0.26072202187500004 0.4950329671875 0.2579422375 0.7266868125 0.27349458437499996 0.99450549375
3 0.05580144375 0.3656758234375 0.10189530625000001 0.320021978125 0.0996714796875 0.2845109890625 0.10467147968749999 0.21095604375 0.1024512640625 0.1729120875 0.0707942234375 0.1585384609375 0.024703971875 0.156846153125 0.0058231046875 0.1839010984375 0.0019350187500000002 0.2380109890625 0 0.3428516484375 0.0030433218750000003 0.46713186875 0.0358086640625 0.41217582343750003 0.05580144375 0.3656758234375
1 0.9963898921875 0.20334615312499998 0.9963898921875 0.0934395609375 0.9026859203125 0.053703296874999994 0.796617328125 0.0511648359375 0.7949169671874999 0.050928571874999995 0.76051985625 0.1543131875 0.8704765343749999 0.18897802187499999 0.989873646875 0.1991208796875 0.9963898921875 0.20334615312499998
1 0.565599278125 0.0562362640625 0.544494584375 0.0646923078125 0.5470685921875 0.1407417578125 0.68721660625 0.150928571875 0.7183176890625 0.1289450546875 0.6905487359375 0.053703296874999994 0.565599278125 0.0562362640625
1 0.5400541515625 0.1991208796875 0.5167292421874999 0.1737582421875 0.43120938593749997 0.22617582343749998 0.428490975 0.27831868125 0.433429603125 0.2726758234375 0.49118411562500003 0.25069230781249996 0.5400541515625 0.1991208796875
1 0.34922021718749996 0.2337857140625 0.37032129999999996 0.2126483515625 0.31923104687500004 0.176291209375 0.2409277984375 0.23209340625000002 0.248703971875 0.2676043953125 0.2520361015625 0.2845109890625 0.3053465703125 0.25069230781249996 0.34922021718749996 0.2337857140625
2 0.1671875 0.165625 0.1390625 0.1
2 0.05390625 0.18671875 0.10625 0.0796875