1 0.10234375 0.43125 0.05703125 0.0703125
1 0.05703125 0.43671875 0.0453125 0.040625
1 0.040625 0.43828125 0.02734375 0.0296875
1 0.059375 0.4703125 0.03046875 0.05546875
3 0.05078125 0.61953125 0.053125 0.37109375
3 0.6453125 0 0.6078125 0.0666666671875 0.5984375 0.1166666671875 0.5984375 0.1416666671875 0.6109375 0.18055555625 0.6078125 0.23333333281250002 0.5375 0.7194444437499999 0.540625 0.79444444375 0.534375 0.8333333328125001 0.5421875 0.852777778125 0.5359375 0.875 0.5234375 0.877777778125 0.5234375 0.89444444375 0.5125 0.897222221875 0.5 0.9666666671874999 0.5 0.997222221875 0.9984375 0.997222221875 0.9984375 0.51944444375 0.9671875 0.44444444375 0.9171875 0.36944444375 0.84375 0.325 0.8296875 0.272222221875 0.809375 0.25555555625 0.7890625 0.25833333281250004 0.7734375 0.23611111093749998 0.7703125 0.052777778124999994 0.7609375 0.0111111109375 0.7515625 0 0.6453125 0
1 0.6421875 0 0.6140625 0.04444444375 0.6015625 0.097222221875 0.5984375 0.1361111109375 0.6109375 0.10833333281249999 0.63125 0.0916666671875 0.6828125 0.125 0.746875 0.20833333281250002 0.771875 0.25555555625 0.771875 0.072222221875 0.7671875 0.030555556249999997 0.75625 0 0.6421875 0
1 0.3796875 0.34444444375 0.421875 0.322222221875 0.4125 0.25555555625 0.3828125 0.21944444375 0.35625 0.2166666671875 0.3375 0.22777777812500002 0.3078125 0.272222221875 0.303125 0.31944444375000003 0.309375 0.3361111109375 0.35625 0.3333333328125 0.3796875 0.34444444375
3 0.340625 0.45 0.340625 0.5111111109375 0.325 0.5305555562500001 0.328125 0.5583333328125 0.296875 0.6333333328124999 0.2859375 0.6944444437499999 0.2875 0.7194444437499999 0.303125 0.7388888890625 0.2890625 0.752777778125 0.29375 0.8055555562500001 0.2859375 0.86944444375 0.2765625 0.875 0.290625 0.9888888890624999 0.2953125 0.997222221875 0.48125 0.997222221875 0.4890625 0.9888888890624999 0.496875 0.922222221875 0.51875 0.825 0.525 0.5666666671875 0.5 0.477777778125 0.440625 0.41111111093749997 0.4296875 0.3333333328125 0.403125 0.2388888890625 0.384375 0.222222221875 0.353125 0.21944444375 0.328125 0.2388888890625 0.3046875 0.29722222187499997 0.3046875 0.3638888890625 0.3140625 0.38333333281250004 0.321875 0.43333333281249997 0.340625 0.45
1 0.5390625 0.4166666671875 0.53125 0.33888888906250003 0.49375 0.33055555625 0.4671875 0.35555555625 0.465625 0.40833333281249995 0.496875 0.40833333281249995 0.5234375 0.427777778125 0.5390625 0.4166666671875
3 0.2203125 0.627777778125 0.20625 0.6555555562500001 0.203125 0.6972222218749999 0.1734375 0.75 0.15 0.8444444437499999 0.1578125 0.877777778125 0.1703125 0.875 0.196875 0.91944444375 0.196875 0.997222221875 0.2421875 0.997222221875 0.2453125 0.9888888890624999 0.2390625 0.9361111109375001 0.2453125 0.85 0.259375 0.8 0.2609375 0.7416666671875001 0.315625 0.46666666718750005 0.3046875 0.43055555625 0.309375 0.3916666671875 0.2984375 0.33888888906250003 0.26875 0.3361111109375 0.2578125 0.34444444375 0.24375 0.377777778125 0.2421875 0.447222221875 0.2546875 0.5111111109375 0.2203125 0.602777778125 0.2203125 0.627777778125
1 0.3046875 0.43055555625 0.303125 0.40555555625000006 0.309375 0.3888888890625 0.3015625 0.33888888906250003 0.271875 0.3333333328125 0.253125 0.34722222187499996 0.2453125 0.36944444375 0.2515625 0.40555555625000006 0.3015625 0.45277777812500003 0.3125 0.45 0.3046875 0.43055555625
3 0.140625 0.99444444375 0.19375 0.997222221875 0.1921875 0.9083333328125001 0.1890625 0.9 0.15625 0.9 0.1484375 0.8444444437499999 0.1734375 0.74444444375 0.1875 0.7166666671875 0.196875 0.7138888890625 0.1984375 0.6666666671875 0.2421875 0.527777778125 0.21875 0.43055555625 0.2140625 0.38055555625 0.2 0.3611111109375 0.16875 0.3611111109375 0.15 0.3916666671875 0.109375 0.725 0.0984375 0.8888888890625 0.1234375 0.9111111109375001 0.1265625 0.95 0.140625 0.99444444375
1 0.21875 0.43055555625 0.2125 0.375 0.19375 0.35555555625 0.16875 0.3583333328125 0.15 0.3888888890625 0.1484375 0.40833333281249995 0.15625 0.42222222187499997 0.190625 0.4388888890625 0.21875 0.43055555625
3 0.05625 0.9611111109375001 0.0515625 0.997222221875 0.1078125 0.997222221875 0.11875 0.9305555562500001 0.1078125 0.9166666671874999 0.09375 0.872222221875 0.1046875 0.76944444375 0.10625 0.7194444437499999 0.1 0.7 0.115625 0.6583333328125 0.1109375 0.5944444437499999 0.096875 0.5861111109375 0.096875 0.5722222218749999 0.1015625 0.5361111109375 0.1375 0.48333333281249996 0.1375 0.45555555625000005 0.121875 0.41111111093749997 0.1046875 0.39444444375 0.0515625 0.427777778125 0.0640625 0.447222221875 0.0578125 0.46388888906250003 0.0546875 0.5388888890625 0.0359375 0.5861111109375 0.0265625 0.6972222218749999 0.0375 0.752777778125 0.0375 0.8166666671874999 0.05625 0.9611111109375001
3 0.53125 0.6416666671875 0.525 0.672222221875 0.528125 0.7166666671875 0.5359375 0.6388888890625 0.5640625 0.49444444374999996 0.540625 0.427777778125 0.53125 0.33888888906250003 0.5 0.32777777812500003 0.465625 0.3611111109375 0.4640625 0.425 0.5 0.46944444374999994 0.521875 0.547222221875 0.53125 0.6416666671875